Port monitor named: Port1_e3.prt

nx        = 33
ny        = 33
nz        = 4

nu        = 31
nv        = 31
iu        = 2
iv        = 2

idir      = 2
dcut      = 0.000000e+000
icut      = 2
type      = 0
frequency = 1.000000e+010

fcutoff   = 1.147022e+010
alpha     = 1.176596e+002
beta      = 0.000000e+000
accuracy  = 7.904069e-011

type          = TM
wave imp.     = 2.116380e+002
wave imp.sig. = 3.125670e-006
line imp.     = 0.000000e+000

ref. port     = 0

0.000000e+000  0.000000e+000  0.000000e+000  0.000000e+000  0.000000e+000  0.000000e+000  0.000000e+000  0.000000e+000  0.000000e+000  0.000000e+000  0.000000e+000  0.000000e+000  0.000000e+000  0.000000e+000  0.000000e+000  0.000000e+000  0.000000e+000  0.000000e+000  0.000000e+000  0.000000e+000  0.000000e+000  0.000000e+000  0.000000e+000  0.000000e+000  0.000000e+000  0.000000e+000  0.000000e+000  0.000000e+000  0.000000e+000  0.000000e+000  0.000000e+000  
0.000000e+000  0.000000e+000  0.000000e+000  0.000000e+000  0.000000e+000  0.000000e+000  0.000000e+000  0.000000e+000  0.000000e+000  0.000000e+000  0.000000e+000  0.000000e+000  0.000000e+000  0.000000e+000  0.000000e+000  0.000000e+000  0.000000e+000  0.000000e+000  0.000000e+000  0.000000e+000  0.000000e+000  0.000000e+000  0.000000e+000  0.000000e+000  0.000000e+000  0.000000e+000  0.000000e+000  0.000000e+000  0.000000e+000  0.000000e+000  0.000000e+000  
0.000000e+000  0.000000e+000  0.000000e+000  0.000000e+000  0.000000e+000  0.000000e+000  0.000000e+000  0.000000e+000  0.000000e+000  0.000000e+000  0.000000e+000  0.000000e+000  0.000000e+000  0.000000e+000  0.000000e+000  0.000000e+000  0.000000e+000  0.000000e+000  0.000000e+000  0.000000e+000  0.000000e+000  0.000000e+000  0.000000e+000  0.000000e+000  0.000000e+000  0.000000e+000  0.000000e+000  0.000000e+000  0.000000e+000  0.000000e+000  0.000000e+000  
0.000000e+000  0.000000e+000  0.000000e+000  0.000000e+000  0.000000e+000  0.000000e+000  0.000000e+000  0.000000e+000  0.000000e+000  0.000000e+000  0.000000e+000  0.000000e+000  0.000000e+000  0.000000e+000  0.000000e+000  0.000000e+000  0.000000e+000  0.000000e+000  0.000000e+000  0.000000e+000  0.000000e+000  0.000000e+000  0.000000e+000  0.000000e+000  0.000000e+000  0.000000e+000  0.000000e+000  0.000000e+000  0.000000e+000  0.000000e+000  0.000000e+000  
0.000000e+000  0.000000e+000  0.000000e+000  0.000000e+000  0.000000e+000  0.000000e+000  0.000000e+000  0.000000e+000  0.000000e+000  0.000000e+000  -3.056767e+002  -2.559040e+002  -1.920422e+002  -1.195392e+002  -4.101456e+001  4.101456e+001  1.195392e+002  1.920422e+002  2.559040e+002  3.056767e+002  0.000000e+000  0.000000e+000  0.000000e+000  0.000000e+000  0.000000e+000  0.000000e+000  0.000000e+000  0.000000e+000  0.000000e+000  0.000000e+000  0.000000e+000  
0.000000e+000  0.000000e+000  0.000000e+000  0.000000e+000  0.000000e+000  0.000000e+000  0.000000e+000  0.000000e+000  -4.434285e+002  -4.131089e+002  -3.603976e+002  -2.949097e+002  -2.193357e+002  -1.354092e+002  -4.588083e+001  4.588083e+001  1.354092e+002  2.193357e+002  2.949097e+002  3.603976e+002  4.131089e+002  4.434285e+002  0.000000e+000  0.000000e+000  0.000000e+000  0.000000e+000  0.000000e+000  0.000000e+000  0.000000e+000  0.000000e+000  0.000000e+000  
0.000000e+000  0.000000e+000  0.000000e+000  0.000000e+000  0.000000e+000  0.000000e+000  0.000000e+000  -5.356713e+002  -5.107215e+002  -4.670560e+002  -4.067040e+002  -3.321766e+002  -2.461872e+002  -1.514513e+002  -5.114076e+001  5.114076e+001  1.514513e+002  2.461872e+002  3.321766e+002  4.067040e+002  4.670560e+002  5.107215e+002  5.356713e+002  0.000000e+000  0.000000e+000  0.000000e+000  0.000000e+000  0.000000e+000  0.000000e+000  0.000000e+000  0.000000e+000  
0.000000e+000  0.000000e+000  0.000000e+000  0.000000e+000  0.000000e+000  0.000000e+000  -6.121469e+002  -6.005874e+002  -5.694433e+002  -5.189620e+002  -4.508782e+002  -3.675861e+002  -2.719137e+002  -1.669954e+002  -5.632107e+001  5.632107e+001  1.669954e+002  2.719137e+002  3.675861e+002  4.508782e+002  5.189620e+002  5.694433e+002  6.005874e+002  6.121469e+002  0.000000e+000  0.000000e+000  0.000000e+000  0.000000e+000  0.000000e+000  0.000000e+000  0.000000e+000  
0.000000e+000  0.000000e+000  0.000000e+000  0.000000e+000  0.000000e+000  -6.726707e+002  -6.775889e+002  -6.615323e+002  -6.246692e+002  -5.676618e+002  -4.921819e+002  -4.006368e+002  -2.959833e+002  -1.815994e+002  -6.121091e+001  6.121091e+001  1.815994e+002  2.959833e+002  4.006368e+002  4.921819e+002  5.676618e+002  6.246692e+002  6.615323e+002  6.775889e+002  6.726707e+002  0.000000e+000  0.000000e+000  0.000000e+000  0.000000e+000  0.000000e+000  0.000000e+000  
0.000000e+000  0.000000e+000  0.000000e+000  0.000000e+000  -7.139478e+002  -7.331549e+002  -7.363106e+002  -7.167582e+002  -6.749921e+002  -6.120728e+002  -5.298155e+002  -4.307317e+002  -3.179154e+002  -1.949263e+002  -6.567975e+001  6.567975e+001  1.949263e+002  3.179154e+002  4.307317e+002  5.298155e+002  6.120728e+002  6.749921e+002  7.167582e+002  7.363106e+002  7.331549e+002  7.139478e+002  0.000000e+000  0.000000e+000  0.000000e+000  0.000000e+000  0.000000e+000  
0.000000e+000  0.000000e+000  0.000000e+000  0.000000e+000  -7.620677e+002  -7.871020e+002  -7.882167e+002  -7.654580e+002  -7.194030e+002  -6.512794e+002  -5.630318e+002  -4.572882e+002  -3.372726e+002  -2.066949e+002  -6.962795e+001  6.962795e+001  2.066949e+002  3.372726e+002  4.572882e+002  5.630318e+002  6.512794e+002  7.194030e+002  7.654580e+002  7.882167e+002  7.871020e+002  7.620677e+002  0.000000e+000  0.000000e+000  0.000000e+000  0.000000e+000  0.000000e+000  
0.000000e+000  0.000000e+000  0.000000e+000  -7.699231e+002  -8.100484e+002  -8.334084e+002  -8.323909e+002  -8.067617e+002  -7.570367e+002  -6.844957e+002  -5.911683e+002  -4.797807e+002  -3.536684e+002  -2.166647e+002  -7.297328e+001  7.297328e+001  2.166647e+002  3.536684e+002  4.797807e+002  5.911683e+002  6.844957e+002  7.570367e+002  8.067617e+002  8.323909e+002  8.334084e+002  8.100484e+002  7.699231e+002  0.000000e+000  0.000000e+000  0.000000e+000  0.000000e+000  
0.000000e+000  0.000000e+000  0.000000e+000  -8.051007e+002  -8.490541e+002  -8.706753e+002  -8.678004e+002  -8.398124e+002  -7.871316e+002  -7.110521e+002  -6.136608e+002  -4.977603e+002  -3.667746e+002  -2.246347e+002  -7.564771e+001  7.564771e+001  2.246347e+002  3.667746e+002  4.977603e+002  6.136608e+002  7.110521e+002  7.871316e+002  8.398124e+002  8.678004e+002  8.706753e+002  8.490541e+002  8.051007e+002  0.000000e+000  0.000000e+000  0.000000e+000  0.000000e+000  
0.000000e+000  0.000000e+000  0.000000e+000  -8.314533e+002  -8.763476e+002  -8.975267e+002  -8.935270e+002  -8.638820e+002  -8.090637e+002  -7.304094e+002  -6.300567e+002  -5.108665e+002  -3.763284e+002  -2.304446e+002  -7.759734e+001  7.759734e+001  2.304446e+002  3.763284e+002  5.108665e+002  6.300567e+002  7.304094e+002  8.090637e+002  8.638820e+002  8.935270e+002  8.975267e+002  8.763476e+002  8.314533e+002  0.000000e+000  0.000000e+000  0.000000e+000  0.000000e+000  
0.000000e+000  0.000000e+000  0.000000e+000  -8.460947e+002  -8.922175e+002  -9.135688e+002  -9.090710e+002  -8.784860e+002  -8.223906e+002  -7.421779e+002  -6.400265e+002  -5.188365e+002  -3.821383e+002  -2.339778e+002  -7.878298e+001  7.878298e+001  2.339778e+002  3.821383e+002  5.188365e+002  6.400265e+002  7.421779e+002  8.223906e+002  8.784860e+002  9.090710e+002  9.135688e+002  8.922175e+002  8.460947e+002  0.000000e+000  0.000000e+000  0.000000e+000  0.000000e+000  
0.000000e+000  0.000000e+000  0.000000e+000  -8.491010e+002  -8.970838e+002  -9.188287e+002  -9.142513e+002  -8.833759e+002  -8.268594e+002  -7.461261e+002  -6.433718e+002  -5.215109e+002  -3.840879e+002  -2.351634e+002  -7.918086e+001  7.918086e+001  2.351634e+002  3.840879e+002  5.215109e+002  6.433718e+002  7.461261e+002  8.268594e+002  8.833759e+002  9.142513e+002  9.188287e+002  8.970838e+002  8.491010e+002  0.000000e+000  0.000000e+000  0.000000e+000  0.000000e+000  
0.000000e+000  0.000000e+000  0.000000e+000  -8.460947e+002  -8.922175e+002  -9.135688e+002  -9.090710e+002  -8.784860e+002  -8.223906e+002  -7.421779e+002  -6.400265e+002  -5.188365e+002  -3.821383e+002  -2.339778e+002  -7.878298e+001  7.878298e+001  2.339778e+002  3.821383e+002  5.188365e+002  6.400265e+002  7.421779e+002  8.223906e+002  8.784860e+002  9.090710e+002  9.135688e+002  8.922175e+002  8.460947e+002  0.000000e+000  0.000000e+000  0.000000e+000  0.000000e+000  
0.000000e+000  0.000000e+000  0.000000e+000  -8.314533e+002  -8.763476e+002  -8.975267e+002  -8.935270e+002  -8.638820e+002  -8.090637e+002  -7.304094e+002  -6.300567e+002  -5.108665e+002  -3.763284e+002  -2.304446e+002  -7.759734e+001  7.759734e+001  2.304446e+002  3.763284e+002  5.108665e+002  6.300567e+002  7.304094e+002  8.090637e+002  8.638820e+002  8.935270e+002  8.975267e+002  8.763476e+002  8.314533e+002  0.000000e+000  0.000000e+000  0.000000e+000  0.000000e+000  
0.000000e+000  0.000000e+000  0.000000e+000  -8.051007e+002  -8.490541e+002  -8.706753e+002  -8.678004e+002  -8.398124e+002  -7.871316e+002  -7.110521e+002  -6.136608e+002  -4.977603e+002  -3.667746e+002  -2.246347e+002  -7.564771e+001  7.564771e+001  2.246347e+002  3.667746e+002  4.977603e+002  6.136608e+002  7.110521e+002  7.871316e+002  8.398124e+002  8.678004e+002  8.706753e+002  8.490541e+002  8.051007e+002  0.000000e+000  0.000000e+000  0.000000e+000  0.000000e+000  
0.000000e+000  0.000000e+000  0.000000e+000  -7.699231e+002  -8.100484e+002  -8.334084e+002  -8.323909e+002  -8.067617e+002  -7.570367e+002  -6.844957e+002  -5.911683e+002  -4.797807e+002  -3.536684e+002  -2.166647e+002  -7.297328e+001  7.297327e+001  2.166647e+002  3.536684e+002  4.797807e+002  5.911683e+002  6.844957e+002  7.570367e+002  8.067617e+002  8.323909e+002  8.334084e+002  8.100484e+002  7.699231e+002  0.000000e+000  0.000000e+000  0.000000e+000  0.000000e+000  
0.000000e+000  0.000000e+000  0.000000e+000  0.000000e+000  -7.620677e+002  -7.871020e+002  -7.882167e+002  -7.654580e+002  -7.194030e+002  -6.512794e+002  -5.630318e+002  -4.572882e+002  -3.372726e+002  -2.066949e+002  -6.962795e+001  6.962795e+001  2.066949e+002  3.372726e+002  4.572882e+002  5.630318e+002  6.512794e+002  7.194030e+002  7.654580e+002  7.882167e+002  7.871020e+002  7.620677e+002  0.000000e+000  0.000000e+000  0.000000e+000  0.000000e+000  0.000000e+000  
0.000000e+000  0.000000e+000  0.000000e+000  0.000000e+000  -7.139478e+002  -7.331549e+002  -7.363106e+002  -7.167582e+002  -6.749921e+002  -6.120728e+002  -5.298155e+002  -4.307317e+002  -3.179154e+002  -1.949263e+002  -6.567975e+001  6.567975e+001  1.949263e+002  3.179154e+002  4.307317e+002  5.298155e+002  6.120728e+002  6.749921e+002  7.167582e+002  7.363106e+002  7.331549e+002  7.139478e+002  0.000000e+000  0.000000e+000  0.000000e+000  0.000000e+000  0.000000e+000  
0.000000e+000  0.000000e+000  0.000000e+000  0.000000e+000  0.000000e+000  -6.726707e+002  -6.775889e+002  -6.615323e+002  -6.246692e+002  -5.676618e+002  -4.921819e+002  -4.006368e+002  -2.959833e+002  -1.815994e+002  -6.121091e+001  6.121091e+001  1.815994e+002  2.959833e+002  4.006368e+002  4.921819e+002  5.676618e+002  6.246692e+002  6.615323e+002  6.775889e+002  6.726707e+002  0.000000e+000  0.000000e+000  0.000000e+000  0.000000e+000  0.000000e+000  0.000000e+000  
0.000000e+000  0.000000e+000  0.000000e+000  0.000000e+000  0.000000e+000  0.000000e+000  -6.121469e+002  -6.005874e+002  -5.694433e+002  -5.189620e+002  -4.508782e+002  -3.675861e+002  -2.719137e+002  -1.669954e+002  -5.632107e+001  5.632107e+001  1.669954e+002  2.719137e+002  3.675861e+002  4.508782e+002  5.189620e+002  5.694433e+002  6.005874e+002  6.121469e+002  0.000000e+000  0.000000e+000  0.000000e+000  0.000000e+000  0.000000e+000  0.000000e+000  0.000000e+000  
0.000000e+000  0.000000e+000  0.000000e+000  0.000000e+000  0.000000e+000  0.000000e+000  0.000000e+000  -5.356713e+002  -5.107215e+002  -4.670560e+002  -4.067040e+002  -3.321766e+002  -2.461872e+002  -1.514513e+002  -5.114076e+001  5.114076e+001  1.514513e+002  2.461872e+002  3.321766e+002  4.067040e+002  4.670560e+002  5.107215e+002  5.356713e+002  0.000000e+000  0.000000e+000  0.000000e+000  0.000000e+000  0.000000e+000  0.000000e+000  0.000000e+000  0.000000e+000  
0.000000e+000  0.000000e+000  0.000000e+000  0.000000e+000  0.000000e+000  0.000000e+000  0.000000e+000  0.000000e+000  -4.434285e+002  -4.131089e+002  -3.603976e+002  -2.949097e+002  -2.193357e+002  -1.354092e+002  -4.588083e+001  4.588083e+001  1.354092e+002  2.193357e+002  2.949097e+002  3.603976e+002  4.131089e+002  4.434285e+002  0.000000e+000  0.000000e+000  0.000000e+000  0.000000e+000  0.000000e+000  0.000000e+000  0.000000e+000  0.000000e+000  0.000000e+000  
0.000000e+000  0.000000e+000  0.000000e+000  0.000000e+000  0.000000e+000  0.000000e+000  0.000000e+000  0.000000e+000  0.000000e+000  0.000000e+000  -3.056767e+002  -2.559040e+002  -1.920422e+002  -1.195392e+002  -4.101456e+001  4.101456e+001  1.195392e+002  1.920422e+002  2.559040e+002  3.056767e+002  0.000000e+000  0.000000e+000  0.000000e+000  0.000000e+000  0.000000e+000  0.000000e+000  0.000000e+000  0.000000e+000  0.000000e+000  0.000000e+000  0.000000e+000  
0.000000e+000  0.000000e+000  0.000000e+000  0.000000e+000  0.000000e+000  0.000000e+000  0.000000e+000  0.000000e+000  0.000000e+000  0.000000e+000  0.000000e+000  0.000000e+000  0.000000e+000  0.000000e+000  0.000000e+000  0.000000e+000  0.000000e+000  0.000000e+000  0.000000e+000  0.000000e+000  0.000000e+000  0.000000e+000  0.000000e+000  0.000000e+000  0.000000e+000  0.000000e+000  0.000000e+000  0.000000e+000  0.000000e+000  0.000000e+000  0.000000e+000  
0.000000e+000  0.000000e+000  0.000000e+000  0.000000e+000  0.000000e+000  0.000000e+000  0.000000e+000  0.000000e+000  0.000000e+000  0.000000e+000  0.000000e+000  0.000000e+000  0.000000e+000  0.000000e+000  0.000000e+000  0.000000e+000  0.000000e+000  0.000000e+000  0.000000e+000  0.000000e+000  0.000000e+000  0.000000e+000  0.000000e+000  0.000000e+000  0.000000e+000  0.000000e+000  0.000000e+000  0.000000e+000  0.000000e+000  0.000000e+000  0.000000e+000  
0.000000e+000  0.000000e+000  0.000000e+000  0.000000e+000  0.000000e+000  0.000000e+000  0.000000e+000  0.000000e+000  0.000000e+000  0.000000e+000  0.000000e+000  0.000000e+000  0.000000e+000  0.000000e+000  0.000000e+000  0.000000e+000  0.000000e+000  0.000000e+000  0.000000e+000  0.000000e+000  0.000000e+000  0.000000e+000  0.000000e+000  0.000000e+000  0.000000e+000  0.000000e+000  0.000000e+000  0.000000e+000  0.000000e+000  0.000000e+000  0.000000e+000  
0.000000e+000  0.000000e+000  0.000000e+000  0.000000e+000  0.000000e+000  0.000000e+000  0.000000e+000  0.000000e+000  0.000000e+000  0.000000e+000  0.000000e+000  0.000000e+000  0.000000e+000  0.000000e+000  0.000000e+000  0.000000e+000  0.000000e+000  0.000000e+000  0.000000e+000  0.000000e+000  0.000000e+000  0.000000e+000  0.000000e+000  0.000000e+000  0.000000e+000  0.000000e+000  0.000000e+000  0.000000e+000  0.000000e+000  0.000000e+000  0.000000e+000  

0.000000e+000  0.000000e+000  0.000000e+000  0.000000e+000  0.000000e+000  0.000000e+000  0.000000e+000  0.000000e+000  0.000000e+000  0.000000e+000  0.000000e+000  0.000000e+000  0.000000e+000  0.000000e+000  0.000000e+000  0.000000e+000  0.000000e+000  0.000000e+000  0.000000e+000  0.000000e+000  0.000000e+000  0.000000e+000  0.000000e+000  0.000000e+000  0.000000e+000  0.000000e+000  0.000000e+000  0.000000e+000  0.000000e+000  0.000000e+000  0.000000e+000  
0.000000e+000  0.000000e+000  0.000000e+000  0.000000e+000  0.000000e+000  0.000000e+000  0.000000e+000  0.000000e+000  0.000000e+000  0.000000e+000  0.000000e+000  0.000000e+000  0.000000e+000  0.000000e+000  0.000000e+000  0.000000e+000  0.000000e+000  0.000000e+000  0.000000e+000  0.000000e+000  0.000000e+000  0.000000e+000  0.000000e+000  0.000000e+000  0.000000e+000  0.000000e+000  0.000000e+000  0.000000e+000  0.000000e+000  0.000000e+000  0.000000e+000  
0.000000e+000  0.000000e+000  0.000000e+000  0.000000e+000  0.000000e+000  0.000000e+000  0.000000e+000  0.000000e+000  0.000000e+000  0.000000e+000  0.000000e+000  0.000000e+000  0.000000e+000  0.000000e+000  0.000000e+000  0.000000e+000  0.000000e+000  0.000000e+000  0.000000e+000  0.000000e+000  0.000000e+000  0.000000e+000  0.000000e+000  0.000000e+000  0.000000e+000  0.000000e+000  0.000000e+000  0.000000e+000  0.000000e+000  0.000000e+000  0.000000e+000  
0.000000e+000  0.000000e+000  0.000000e+000  0.000000e+000  0.000000e+000  0.000000e+000  0.000000e+000  0.000000e+000  0.000000e+000  0.000000e+000  0.000000e+000  -7.699231e+002  -8.051007e+002  -8.314533e+002  -8.460947e+002  -8.491010e+002  -8.460947e+002  -8.314533e+002  -8.051007e+002  -7.699231e+002  0.000000e+000  0.000000e+000  0.000000e+000  0.000000e+000  0.000000e+000  0.000000e+000  0.000000e+000  0.000000e+000  0.000000e+000  0.000000e+000  0.000000e+000  
0.000000e+000  0.000000e+000  0.000000e+000  0.000000e+000  0.000000e+000  0.000000e+000  0.000000e+000  0.000000e+000  0.000000e+000  -7.139478e+002  -7.620677e+002  -8.100484e+002  -8.490541e+002  -8.763476e+002  -8.922175e+002  -8.970838e+002  -8.922175e+002  -8.763476e+002  -8.490541e+002  -8.100484e+002  -7.620677e+002  -7.139478e+002  0.000000e+000  0.000000e+000  0.000000e+000  0.000000e+000  0.000000e+000  0.000000e+000  0.000000e+000  0.000000e+000  0.000000e+000  
0.000000e+000  0.000000e+000  0.000000e+000  0.000000e+000  0.000000e+000  0.000000e+000  0.000000e+000  0.000000e+000  -6.726707e+002  -7.331549e+002  -7.871020e+002  -8.334084e+002  -8.706753e+002  -8.975267e+002  -9.135688e+002  -9.188287e+002  -9.135688e+002  -8.975267e+002  -8.706753e+002  -8.334084e+002  -7.871020e+002  -7.331549e+002  -6.726707e+002  0.000000e+000  0.000000e+000  0.000000e+000  0.000000e+000  0.000000e+000  0.000000e+000  0.000000e+000  0.000000e+000  
0.000000e+000  0.000000e+000  0.000000e+000  0.000000e+000  0.000000e+000  0.000000e+000  0.000000e+000  -6.121469e+002  -6.775889e+002  -7.363106e+002  -7.882167e+002  -8.323909e+002  -8.678004e+002  -8.935270e+002  -9.090710e+002  -9.142513e+002  -9.090710e+002  -8.935270e+002  -8.678004e+002  -8.323909e+002  -7.882167e+002  -7.363106e+002  -6.775889e+002  -6.121469e+002  0.000000e+000  0.000000e+000  0.000000e+000  0.000000e+000  0.000000e+000  0.000000e+000  0.000000e+000  
0.000000e+000  0.000000e+000  0.000000e+000  0.000000e+000  0.000000e+000  0.000000e+000  -5.356713e+002  -6.005874e+002  -6.615323e+002  -7.167582e+002  -7.654580e+002  -8.067617e+002  -8.398124e+002  -8.638820e+002  -8.784860e+002  -8.833759e+002  -8.784860e+002  -8.638820e+002  -8.398124e+002  -8.067617e+002  -7.654580e+002  -7.167582e+002  -6.615323e+002  -6.005874e+002  -5.356713e+002  0.000000e+000  0.000000e+000  0.000000e+000  0.000000e+000  0.000000e+000  0.000000e+000  
0.000000e+000  0.000000e+000  0.000000e+000  0.000000e+000  0.000000e+000  -4.434285e+002  -5.107215e+002  -5.694433e+002  -6.246692e+002  -6.749921e+002  -7.194030e+002  -7.570367e+002  -7.871316e+002  -8.090637e+002  -8.223906e+002  -8.268594e+002  -8.223906e+002  -8.090637e+002  -7.871316e+002  -7.570367e+002  -7.194030e+002  -6.749921e+002  -6.246692e+002  -5.694433e+002  -5.107215e+002  -4.434285e+002  0.000000e+000  0.000000e+000  0.000000e+000  0.000000e+000  0.000000e+000  
0.000000e+000  0.000000e+000  0.000000e+000  0.000000e+000  0.000000e+000  -4.131089e+002  -4.670560e+002  -5.189620e+002  -5.676618e+002  -6.120728e+002  -6.512794e+002  -6.844957e+002  -7.110521e+002  -7.304094e+002  -7.421779e+002  -7.461261e+002  -7.421779e+002  -7.304094e+002  -7.110521e+002  -6.844957e+002  -6.512794e+002  -6.120728e+002  -5.676618e+002  -5.189620e+002  -4.670560e+002  -4.131089e+002  0.000000e+000  0.000000e+000  0.000000e+000  0.000000e+000  0.000000e+000  
0.000000e+000  0.000000e+000  0.000000e+000  0.000000e+000  -3.056767e+002  -3.603976e+002  -4.067040e+002  -4.508782e+002  -4.921819e+002  -5.298155e+002  -5.630318e+002  -5.911683e+002  -6.136608e+002  -6.300567e+002  -6.400265e+002  -6.433718e+002  -6.400265e+002  -6.300567e+002  -6.136608e+002  -5.911683e+002  -5.630318e+002  -5.298155e+002  -4.921819e+002  -4.508782e+002  -4.067040e+002  -3.603976e+002  -3.056767e+002  0.000000e+000  0.000000e+000  0.000000e+000  0.000000e+000  
0.000000e+000  0.000000e+000  0.000000e+000  0.000000e+000  -2.559040e+002  -2.949097e+002  -3.321766e+002  -3.675861e+002  -4.006368e+002  -4.307317e+002  -4.572882e+002  -4.797807e+002  -4.977603e+002  -5.108665e+002  -5.188365e+002  -5.215109e+002  -5.188365e+002  -5.108665e+002  -4.977603e+002  -4.797807e+002  -4.572882e+002  -4.307317e+002  -4.006368e+002  -3.675861e+002  -3.321766e+002  -2.949097e+002  -2.559040e+002  0.000000e+000  0.000000e+000  0.000000e+000  0.000000e+000  
0.000000e+000  0.000000e+000  0.000000e+000  0.000000e+000  -1.920422e+002  -2.193357e+002  -2.461872e+002  -2.719137e+002  -2.959833e+002  -3.179154e+002  -3.372726e+002  -3.536684e+002  -3.667746e+002  -3.763284e+002  -3.821383e+002  -3.840879e+002  -3.821383e+002  -3.763284e+002  -3.667746e+002  -3.536684e+002  -3.372726e+002  -3.179154e+002  -2.959833e+002  -2.719137e+002  -2.461872e+002  -2.193357e+002  -1.920422e+002  0.000000e+000  0.000000e+000  0.000000e+000  0.000000e+000  
0.000000e+000  0.000000e+000  0.000000e+000  0.000000e+000  -1.195392e+002  -1.354092e+002  -1.514513e+002  -1.669954e+002  -1.815994e+002  -1.949263e+002  -2.066949e+002  -2.166647e+002  -2.246347e+002  -2.304446e+002  -2.339778e+002  -2.351634e+002  -2.339778e+002  -2.304446e+002  -2.246347e+002  -2.166647e+002  -2.066949e+002  -1.949263e+002  -1.815994e+002  -1.669954e+002  -1.514513e+002  -1.354092e+002  -1.195392e+002  0.000000e+000  0.000000e+000  0.000000e+000  0.000000e+000  
0.000000e+000  0.000000e+000  0.000000e+000  0.000000e+000  -4.101456e+001  -4.588083e+001  -5.114076e+001  -5.632107e+001  -6.121091e+001  -6.567975e+001  -6.962795e+001  -7.297328e+001  -7.564771e+001  -7.759734e+001  -7.878298e+001  -7.918086e+001  -7.878298e+001  -7.759734e+001  -7.564771e+001  -7.297327e+001  -6.962795e+001  -6.567975e+001  -6.121091e+001  -5.632107e+001  -5.114076e+001  -4.588083e+001  -4.101456e+001  0.000000e+000  0.000000e+000  0.000000e+000  0.000000e+000  
0.000000e+000  0.000000e+000  0.000000e+000  0.000000e+000  4.101456e+001  4.588083e+001  5.114076e+001  5.632107e+001  6.121091e+001  6.567975e+001  6.962795e+001  7.297328e+001  7.564771e+001  7.759734e+001  7.878298e+001  7.918086e+001  7.878298e+001  7.759734e+001  7.564771e+001  7.297328e+001  6.962795e+001  6.567975e+001  6.121091e+001  5.632107e+001  5.114076e+001  4.588083e+001  4.101456e+001  0.000000e+000  0.000000e+000  0.000000e+000  0.000000e+000  
0.000000e+000  0.000000e+000  0.000000e+000  0.000000e+000  1.195392e+002  1.354092e+002  1.514513e+002  1.669954e+002  1.815994e+002  1.949263e+002  2.066949e+002  2.166647e+002  2.246347e+002  2.304446e+002  2.339778e+002  2.351634e+002  2.339778e+002  2.304446e+002  2.246347e+002  2.166647e+002  2.066949e+002  1.949263e+002  1.815994e+002  1.669954e+002  1.514513e+002  1.354092e+002  1.195392e+002  0.000000e+000  0.000000e+000  0.000000e+000  0.000000e+000  
0.000000e+000  0.000000e+000  0.000000e+000  0.000000e+000  1.920422e+002  2.193357e+002  2.461872e+002  2.719137e+002  2.959833e+002  3.179154e+002  3.372726e+002  3.536684e+002  3.667746e+002  3.763284e+002  3.821383e+002  3.840879e+002  3.821383e+002  3.763284e+002  3.667746e+002  3.536684e+002  3.372726e+002  3.179154e+002  2.959833e+002  2.719137e+002  2.461872e+002  2.193357e+002  1.920422e+002  0.000000e+000  0.000000e+000  0.000000e+000  0.000000e+000  
0.000000e+000  0.000000e+000  0.000000e+000  0.000000e+000  2.559040e+002  2.949097e+002  3.321766e+002  3.675861e+002  4.006368e+002  4.307317e+002  4.572882e+002  4.797807e+002  4.977603e+002  5.108665e+002  5.188365e+002  5.215109e+002  5.188365e+002  5.108665e+002  4.977603e+002  4.797807e+002  4.572882e+002  4.307317e+002  4.006368e+002  3.675861e+002  3.321766e+002  2.949097e+002  2.559040e+002  0.000000e+000  0.000000e+000  0.000000e+000  0.000000e+000  
0.000000e+000  0.000000e+000  0.000000e+000  0.000000e+000  3.056767e+002  3.603976e+002  4.067040e+002  4.508782e+002  4.921819e+002  5.298155e+002  5.630318e+002  5.911683e+002  6.136608e+002  6.300567e+002  6.400265e+002  6.433718e+002  6.400265e+002  6.300567e+002  6.136608e+002  5.911683e+002  5.630318e+002  5.298155e+002  4.921819e+002  4.508782e+002  4.067040e+002  3.603976e+002  3.056767e+002  0.000000e+000  0.000000e+000  0.000000e+000  0.000000e+000  
0.000000e+000  0.000000e+000  0.000000e+000  0.000000e+000  0.000000e+000  4.131089e+002  4.670560e+002  5.189620e+002  5.676618e+002  6.120728e+002  6.512794e+002  6.844957e+002  7.110521e+002  7.304094e+002  7.421779e+002  7.461261e+002  7.421779e+002  7.304094e+002  7.110521e+002  6.844957e+002  6.512794e+002  6.120728e+002  5.676618e+002  5.189620e+002  4.670560e+002  4.131089e+002  0.000000e+000  0.000000e+000  0.000000e+000  0.000000e+000  0.000000e+000  
0.000000e+000  0.000000e+000  0.000000e+000  0.000000e+000  0.000000e+000  4.434285e+002  5.107215e+002  5.694433e+002  6.246692e+002  6.749921e+002  7.194030e+002  7.570367e+002  7.871316e+002  8.090637e+002  8.223906e+002  8.268594e+002  8.223906e+002  8.090637e+002  7.871316e+002  7.570367e+002  7.194030e+002  6.749921e+002  6.246692e+002  5.694433e+002  5.107215e+002  4.434285e+002  0.000000e+000  0.000000e+000  0.000000e+000  0.000000e+000  0.000000e+000  
0.000000e+000  0.000000e+000  0.000000e+000  0.000000e+000  0.000000e+000  0.000000e+000  5.356713e+002  6.005874e+002  6.615323e+002  7.167582e+002  7.654580e+002  8.067617e+002  8.398124e+002  8.638820e+002  8.784860e+002  8.833759e+002  8.784860e+002  8.638820e+002  8.398124e+002  8.067617e+002  7.654580e+002  7.167582e+002  6.615323e+002  6.005874e+002  5.356713e+002  0.000000e+000  0.000000e+000  0.000000e+000  0.000000e+000  0.000000e+000  0.000000e+000  
0.000000e+000  0.000000e+000  0.000000e+000  0.000000e+000  0.000000e+000  0.000000e+000  0.000000e+000  6.121469e+002  6.775889e+002  7.363106e+002  7.882167e+002  8.323909e+002  8.678004e+002  8.935270e+002  9.090710e+002  9.142513e+002  9.090710e+002  8.935270e+002  8.678004e+002  8.323909e+002  7.882167e+002  7.363106e+002  6.775889e+002  6.121469e+002  0.000000e+000  0.000000e+000  0.000000e+000  0.000000e+000  0.000000e+000  0.000000e+000  0.000000e+000  
0.000000e+000  0.000000e+000  0.000000e+000  0.000000e+000  0.000000e+000  0.000000e+000  0.000000e+000  0.000000e+000  6.726707e+002  7.331549e+002  7.871020e+002  8.334084e+002  8.706753e+002  8.975267e+002  9.135688e+002  9.188287e+002  9.135688e+002  8.975267e+002  8.706753e+002  8.334084e+002  7.871020e+002  7.331549e+002  6.726707e+002  0.000000e+000  0.000000e+000  0.000000e+000  0.000000e+000  0.000000e+000  0.000000e+000  0.000000e+000  0.000000e+000  
0.000000e+000  0.000000e+000  0.000000e+000  0.000000e+000  0.000000e+000  0.000000e+000  0.000000e+000  0.000000e+000  0.000000e+000  7.139478e+002  7.620677e+002  8.100484e+002  8.490541e+002  8.763476e+002  8.922175e+002  8.970838e+002  8.922175e+002  8.763476e+002  8.490541e+002  8.100484e+002  7.620677e+002  7.139478e+002  0.000000e+000  0.000000e+000  0.000000e+000  0.000000e+000  0.000000e+000  0.000000e+000  0.000000e+000  0.000000e+000  0.000000e+000  
0.000000e+000  0.000000e+000  0.000000e+000  0.000000e+000  0.000000e+000  0.000000e+000  0.000000e+000  0.000000e+000  0.000000e+000  0.000000e+000  0.000000e+000  7.699231e+002  8.051007e+002  8.314533e+002  8.460947e+002  8.491010e+002  8.460947e+002  8.314533e+002  8.051007e+002  7.699231e+002  0.000000e+000  0.000000e+000  0.000000e+000  0.000000e+000  0.000000e+000  0.000000e+000  0.000000e+000  0.000000e+000  0.000000e+000  0.000000e+000  0.000000e+000  
0.000000e+000  0.000000e+000  0.000000e+000  0.000000e+000  0.000000e+000  0.000000e+000  0.000000e+000  0.000000e+000  0.000000e+000  0.000000e+000  0.000000e+000  0.000000e+000  0.000000e+000  0.000000e+000  0.000000e+000  0.000000e+000  0.000000e+000  0.000000e+000  0.000000e+000  0.000000e+000  0.000000e+000  0.000000e+000  0.000000e+000  0.000000e+000  0.000000e+000  0.000000e+000  0.000000e+000  0.000000e+000  0.000000e+000  0.000000e+000  0.000000e+000  
0.000000e+000  0.000000e+000  0.000000e+000  0.000000e+000  0.000000e+000  0.000000e+000  0.000000e+000  0.000000e+000  0.000000e+000  0.000000e+000  0.000000e+000  0.000000e+000  0.000000e+000  0.000000e+000  0.000000e+000  0.000000e+000  0.000000e+000  0.000000e+000  0.000000e+000  0.000000e+000  0.000000e+000  0.000000e+000  0.000000e+000  0.000000e+000  0.000000e+000  0.000000e+000  0.000000e+000  0.000000e+000  0.000000e+000  0.000000e+000  0.000000e+000  
0.000000e+000  0.000000e+000  0.000000e+000  0.000000e+000  0.000000e+000  0.000000e+000  0.000000e+000  0.000000e+000  0.000000e+000  0.000000e+000  0.000000e+000  0.000000e+000  0.000000e+000  0.000000e+000  0.000000e+000  0.000000e+000  0.000000e+000  0.000000e+000  0.000000e+000  0.000000e+000  0.000000e+000  0.000000e+000  0.000000e+000  0.000000e+000  0.000000e+000  0.000000e+000  0.000000e+000  0.000000e+000  0.000000e+000  0.000000e+000  0.000000e+000  
0.000000e+000  0.000000e+000  0.000000e+000  0.000000e+000  0.000000e+000  0.000000e+000  0.000000e+000  0.000000e+000  0.000000e+000  0.000000e+000  0.000000e+000  0.000000e+000  0.000000e+000  0.000000e+000  0.000000e+000  0.000000e+000  0.000000e+000  0.000000e+000  0.000000e+000  0.000000e+000  0.000000e+000  0.000000e+000  0.000000e+000  0.000000e+000  0.000000e+000  0.000000e+000  0.000000e+000  0.000000e+000  0.000000e+000  0.000000e+000  0.000000e+000  

0.000000e+000  0.000000e+000  0.000000e+000  0.000000e+000  0.000000e+000  0.000000e+000  0.000000e+000  0.000000e+000  0.000000e+000  0.000000e+000  0.000000e+000  0.000000e+000  0.000000e+000  0.000000e+000  0.000000e+000  0.000000e+000  0.000000e+000  0.000000e+000  0.000000e+000  0.000000e+000  0.000000e+000  0.000000e+000  0.000000e+000  0.000000e+000  0.000000e+000  0.000000e+000  0.000000e+000  0.000000e+000  0.000000e+000  0.000000e+000  0.000000e+000  
0.000000e+000  0.000000e+000  0.000000e+000  0.000000e+000  0.000000e+000  0.000000e+000  0.000000e+000  0.000000e+000  0.000000e+000  0.000000e+000  0.000000e+000  0.000000e+000  0.000000e+000  0.000000e+000  0.000000e+000  0.000000e+000  0.000000e+000  0.000000e+000  0.000000e+000  0.000000e+000  0.000000e+000  0.000000e+000  0.000000e+000  0.000000e+000  0.000000e+000  0.000000e+000  0.000000e+000  0.000000e+000  0.000000e+000  0.000000e+000  0.000000e+000  
0.000000e+000  0.000000e+000  0.000000e+000  0.000000e+000  0.000000e+000  0.000000e+000  0.000000e+000  0.000000e+000  0.000000e+000  0.000000e+000  0.000000e+000  0.000000e+000  0.000000e+000  0.000000e+000  0.000000e+000  0.000000e+000  0.000000e+000  0.000000e+000  0.000000e+000  0.000000e+000  0.000000e+000  0.000000e+000  0.000000e+000  0.000000e+000  0.000000e+000  0.000000e+000  0.000000e+000  0.000000e+000  0.000000e+000  0.000000e+000  0.000000e+000  
0.000000e+000  0.000000e+000  0.000000e+000  0.000000e+000  0.000000e+000  0.000000e+000  0.000000e+000  0.000000e+000  0.000000e+000  0.000000e+000  0.000000e+000  0.000000e+000  0.000000e+000  0.000000e+000  0.000000e+000  0.000000e+000  0.000000e+000  0.000000e+000  0.000000e+000  0.000000e+000  0.000000e+000  0.000000e+000  0.000000e+000  0.000000e+000  0.000000e+000  0.000000e+000  0.000000e+000  0.000000e+000  0.000000e+000  0.000000e+000  0.000000e+000  
0.000000e+000  0.000000e+000  0.000000e+000  0.000000e+000  0.000000e+000  0.000000e+000  0.000000e+000  0.000000e+000  0.000000e+000  0.000000e+000  0.000000e+000  9.839266e+001  2.030434e+002  2.815782e+002  3.304633e+002  3.472360e+002  3.304633e+002  2.815782e+002  2.030434e+002  9.839266e+001  0.000000e+000  0.000000e+000  0.000000e+000  0.000000e+000  0.000000e+000  0.000000e+000  0.000000e+000  0.000000e+000  0.000000e+000  0.000000e+000  0.000000e+000  
0.000000e+000  0.000000e+000  0.000000e+000  0.000000e+000  0.000000e+000  0.000000e+000  0.000000e+000  0.000000e+000  0.000000e+000  1.133363e+002  2.822753e+002  4.296582e+002  5.502602e+002  6.399566e+002  6.953315e+002  7.140943e+002  6.953315e+002  6.399566e+002  5.502602e+002  4.296582e+002  2.822753e+002  1.133363e+002  0.000000e+000  0.000000e+000  0.000000e+000  0.000000e+000  0.000000e+000  0.000000e+000  0.000000e+000  0.000000e+000  0.000000e+000  
0.000000e+000  0.000000e+000  0.000000e+000  0.000000e+000  0.000000e+000  0.000000e+000  0.000000e+000  0.000000e+000  2.042994e+002  4.131567e+002  6.041571e+002  7.704768e+002  9.063189e+002  1.006996e+003  1.068931e+003  1.089845e+003  1.068931e+003  1.006996e+003  9.063189e+002  7.704768e+002  6.041571e+002  4.131567e+002  2.042994e+002  0.000000e+000  0.000000e+000  0.000000e+000  0.000000e+000  0.000000e+000  0.000000e+000  0.000000e+000  0.000000e+000  
0.000000e+000  0.000000e+000  0.000000e+000  0.000000e+000  0.000000e+000  0.000000e+000  0.000000e+000  2.357888e+002  4.813963e+002  7.142675e+002  9.264947e+002  1.110879e+003  1.261202e+003  1.372400e+003  1.440692e+003  1.463724e+003  1.440692e+003  1.372400e+003  1.261202e+003  1.110879e+003  9.264947e+002  7.142675e+002  4.813963e+002  2.357888e+002  0.000000e+000  0.000000e+000  0.000000e+000  0.000000e+000  0.000000e+000  0.000000e+000  0.000000e+000  
0.000000e+000  0.000000e+000  0.000000e+000  0.000000e+000  0.000000e+000  0.000000e+000  2.042994e+002  4.813963e+002  7.519269e+002  1.007383e+003  1.239525e+003  1.440801e+003  1.604639e+003  1.725680e+003  1.799945e+003  1.824977e+003  1.799945e+003  1.725680e+003  1.604639e+003  1.440801e+003  1.239525e+003  1.007383e+003  7.519269e+002  4.813963e+002  2.042994e+002  0.000000e+000  0.000000e+000  0.000000e+000  0.000000e+000  0.000000e+000  0.000000e+000  
0.000000e+000  0.000000e+000  0.000000e+000  0.000000e+000  0.000000e+000  1.133363e+002  4.131567e+002  7.142675e+002  1.007383e+003  1.283417e+003  1.533722e+003  1.750387e+003  1.926533e+003  2.056543e+003  2.136257e+003  2.163117e+003  2.136257e+003  2.056543e+003  1.926533e+003  1.750387e+003  1.533722e+003  1.283417e+003  1.007383e+003  7.142675e+002  4.131567e+002  1.133363e+002  0.000000e+000  0.000000e+000  0.000000e+000  0.000000e+000  0.000000e+000  
0.000000e+000  0.000000e+000  0.000000e+000  0.000000e+000  0.000000e+000  2.822753e+002  6.041571e+002  9.264947e+002  1.239525e+003  1.533722e+003  1.800060e+003  2.030309e+003  2.217315e+003  2.355241e+003  2.439768e+003  2.468242e+003  2.439768e+003  2.355241e+003  2.217315e+003  2.030309e+003  1.800060e+003  1.533722e+003  1.239525e+003  9.264947e+002  6.041571e+002  2.822753e+002  0.000000e+000  0.000000e+000  0.000000e+000  0.000000e+000  0.000000e+000  
0.000000e+000  0.000000e+000  0.000000e+000  0.000000e+000  9.839266e+001  4.296582e+002  7.704768e+002  1.110879e+003  1.440801e+003  1.750387e+003  2.030309e+003  2.272064e+003  2.468269e+003  2.612900e+003  2.701504e+003  2.731346e+003  2.701504e+003  2.612900e+003  2.468269e+003  2.272064e+003  2.030309e+003  1.750387e+003  1.440801e+003  1.110879e+003  7.704768e+002  4.296582e+002  9.839266e+001  0.000000e+000  0.000000e+000  0.000000e+000  0.000000e+000  
0.000000e+000  0.000000e+000  0.000000e+000  0.000000e+000  2.030434e+002  5.502602e+002  9.063189e+002  1.261202e+003  1.604639e+003  1.926533e+003  2.217315e+003  2.468269e+003  2.671825e+003  2.821816e+003  2.913679e+003  2.944615e+003  2.913679e+003  2.821816e+003  2.671825e+003  2.468269e+003  2.217315e+003  1.926533e+003  1.604639e+003  1.261202e+003  9.063189e+002  5.502602e+002  2.030434e+002  0.000000e+000  0.000000e+000  0.000000e+000  0.000000e+000  
0.000000e+000  0.000000e+000  0.000000e+000  0.000000e+000  2.815782e+002  6.399566e+002  1.006996e+003  1.372400e+003  1.725680e+003  2.056543e+003  2.355241e+003  2.612900e+003  2.821816e+003  2.975714e+003  3.069953e+003  3.101686e+003  3.069953e+003  2.975714e+003  2.821816e+003  2.612900e+003  2.355241e+003  2.056543e+003  1.725680e+003  1.372400e+003  1.006996e+003  6.399566e+002  2.815782e+002  0.000000e+000  0.000000e+000  0.000000e+000  0.000000e+000  
0.000000e+000  0.000000e+000  0.000000e+000  0.000000e+000  3.304633e+002  6.953315e+002  1.068931e+003  1.440692e+003  1.799945e+003  2.136257e+003  2.439768e+003  2.701504e+003  2.913679e+003  3.069953e+003  3.165637e+003  3.197855e+003  3.165637e+003  3.069953e+003  2.913679e+003  2.701504e+003  2.439768e+003  2.136257e+003  1.799945e+003  1.440692e+003  1.068931e+003  6.953315e+002  3.304633e+002  0.000000e+000  0.000000e+000  0.000000e+000  0.000000e+000  
0.000000e+000  0.000000e+000  0.000000e+000  0.000000e+000  3.472360e+002  7.140943e+002  1.089845e+003  1.463724e+003  1.824977e+003  2.163117e+003  2.468242e+003  2.731346e+003  2.944615e+003  3.101686e+003  3.197855e+003  3.230236e+003  3.197855e+003  3.101686e+003  2.944615e+003  2.731346e+003  2.468242e+003  2.163117e+003  1.824977e+003  1.463724e+003  1.089845e+003  7.140943e+002  3.472360e+002  0.000000e+000  0.000000e+000  0.000000e+000  0.000000e+000  
0.000000e+000  0.000000e+000  0.000000e+000  0.000000e+000  3.304633e+002  6.953315e+002  1.068931e+003  1.440692e+003  1.799945e+003  2.136257e+003  2.439768e+003  2.701504e+003  2.913679e+003  3.069953e+003  3.165637e+003  3.197855e+003  3.165637e+003  3.069953e+003  2.913679e+003  2.701504e+003  2.439768e+003  2.136257e+003  1.799945e+003  1.440692e+003  1.068931e+003  6.953315e+002  3.304633e+002  0.000000e+000  0.000000e+000  0.000000e+000  0.000000e+000  
0.000000e+000  0.000000e+000  0.000000e+000  0.000000e+000  2.815782e+002  6.399566e+002  1.006996e+003  1.372400e+003  1.725680e+003  2.056543e+003  2.355241e+003  2.612900e+003  2.821816e+003  2.975714e+003  3.069953e+003  3.101686e+003  3.069953e+003  2.975714e+003  2.821816e+003  2.612900e+003  2.355241e+003  2.056543e+003  1.725680e+003  1.372400e+003  1.006996e+003  6.399566e+002  2.815782e+002  0.000000e+000  0.000000e+000  0.000000e+000  0.000000e+000  
0.000000e+000  0.000000e+000  0.000000e+000  0.000000e+000  2.030434e+002  5.502602e+002  9.063189e+002  1.261202e+003  1.604639e+003  1.926533e+003  2.217315e+003  2.468269e+003  2.671825e+003  2.821816e+003  2.913679e+003  2.944615e+003  2.913679e+003  2.821816e+003  2.671825e+003  2.468269e+003  2.217315e+003  1.926533e+003  1.604639e+003  1.261202e+003  9.063189e+002  5.502602e+002  2.030434e+002  0.000000e+000  0.000000e+000  0.000000e+000  0.000000e+000  
0.000000e+000  0.000000e+000  0.000000e+000  0.000000e+000  9.839266e+001  4.296582e+002  7.704768e+002  1.110879e+003  1.440801e+003  1.750387e+003  2.030309e+003  2.272064e+003  2.468269e+003  2.612900e+003  2.701504e+003  2.731346e+003  2.701504e+003  2.612900e+003  2.468269e+003  2.272064e+003  2.030309e+003  1.750387e+003  1.440801e+003  1.110879e+003  7.704768e+002  4.296582e+002  9.839266e+001  0.000000e+000  0.000000e+000  0.000000e+000  0.000000e+000  
0.000000e+000  0.000000e+000  0.000000e+000  0.000000e+000  0.000000e+000  2.822753e+002  6.041571e+002  9.264947e+002  1.239525e+003  1.533722e+003  1.800060e+003  2.030309e+003  2.217315e+003  2.355241e+003  2.439768e+003  2.468242e+003  2.439768e+003  2.355241e+003  2.217315e+003  2.030309e+003  1.800060e+003  1.533722e+003  1.239525e+003  9.264947e+002  6.041571e+002  2.822753e+002  0.000000e+000  0.000000e+000  0.000000e+000  0.000000e+000  0.000000e+000  
