Port monitor named: Port1_e3[10].prt

nx        = 75
ny        = 75
nz        = 44

nu        = 31
nv        = 31
iu        = 23
iv        = 23

idir      = 2
dcut      = 0.000000e+000
icut      = 6
type      = 0
frequency = 1.000000e+010

fcutoff   = 1.150080e+010
alpha     = 1.190390e+002
beta      = 0.000000e+000
accuracy  = 8.007293e-011

type          = TM
wave imp.     = 2.139990e+002
wave imp.sig. = 3.169073e-003
line imp.     = 0.000000e+000

ref. port     = 0

0.000000e+000  0.000000e+000  0.000000e+000  0.000000e+000  0.000000e+000  0.000000e+000  0.000000e+000  0.000000e+000  0.000000e+000  0.000000e+000  0.000000e+000  0.000000e+000  0.000000e+000  0.000000e+000  0.000000e+000  0.000000e+000  0.000000e+000  0.000000e+000  0.000000e+000  0.000000e+000  0.000000e+000  0.000000e+000  0.000000e+000  0.000000e+000  0.000000e+000  0.000000e+000  0.000000e+000  0.000000e+000  0.000000e+000  0.000000e+000  0.000000e+000  
0.000000e+000  0.000000e+000  0.000000e+000  0.000000e+000  0.000000e+000  0.000000e+000  0.000000e+000  0.000000e+000  0.000000e+000  0.000000e+000  0.000000e+000  0.000000e+000  0.000000e+000  0.000000e+000  0.000000e+000  0.000000e+000  0.000000e+000  0.000000e+000  0.000000e+000  0.000000e+000  0.000000e+000  0.000000e+000  0.000000e+000  0.000000e+000  0.000000e+000  0.000000e+000  0.000000e+000  0.000000e+000  0.000000e+000  0.000000e+000  0.000000e+000  
0.000000e+000  0.000000e+000  0.000000e+000  0.000000e+000  0.000000e+000  0.000000e+000  0.000000e+000  0.000000e+000  0.000000e+000  0.000000e+000  0.000000e+000  0.000000e+000  0.000000e+000  0.000000e+000  0.000000e+000  0.000000e+000  0.000000e+000  0.000000e+000  0.000000e+000  0.000000e+000  0.000000e+000  0.000000e+000  0.000000e+000  0.000000e+000  0.000000e+000  0.000000e+000  0.000000e+000  0.000000e+000  0.000000e+000  0.000000e+000  0.000000e+000  
0.000000e+000  0.000000e+000  0.000000e+000  0.000000e+000  0.000000e+000  0.000000e+000  0.000000e+000  0.000000e+000  0.000000e+000  0.000000e+000  0.000000e+000  0.000000e+000  0.000000e+000  0.000000e+000  0.000000e+000  0.000000e+000  0.000000e+000  0.000000e+000  0.000000e+000  0.000000e+000  0.000000e+000  0.000000e+000  0.000000e+000  0.000000e+000  0.000000e+000  0.000000e+000  0.000000e+000  0.000000e+000  0.000000e+000  0.000000e+000  0.000000e+000  
0.000000e+000  0.000000e+000  0.000000e+000  0.000000e+000  0.000000e+000  0.000000e+000  0.000000e+000  0.000000e+000  0.000000e+000  0.000000e+000  -2.824966e+002  -2.545381e+002  -1.976941e+002  -1.167347e+002  -5.047313e+001  5.047313e+001  1.167347e+002  1.976941e+002  2.545381e+002  2.824966e+002  0.000000e+000  0.000000e+000  0.000000e+000  0.000000e+000  0.000000e+000  0.000000e+000  0.000000e+000  0.000000e+000  0.000000e+000  0.000000e+000  0.000000e+000  
0.000000e+000  0.000000e+000  0.000000e+000  0.000000e+000  0.000000e+000  0.000000e+000  0.000000e+000  0.000000e+000  -4.034937e+002  -4.135533e+002  -3.617214e+002  -2.962002e+002  -2.219190e+002  -1.363080e+002  -4.815093e+001  4.815093e+001  1.363080e+002  2.219190e+002  2.962002e+002  3.617214e+002  4.135533e+002  4.034937e+002  0.000000e+000  0.000000e+000  0.000000e+000  0.000000e+000  0.000000e+000  0.000000e+000  0.000000e+000  0.000000e+000  0.000000e+000  
0.000000e+000  0.000000e+000  0.000000e+000  0.000000e+000  0.000000e+000  0.000000e+000  0.000000e+000  -5.486939e+002  -5.162976e+002  -4.705190e+002  -4.095716e+002  -3.346732e+002  -2.485215e+002  -1.529285e+002  -5.203105e+001  5.203105e+001  1.529285e+002  2.485215e+002  3.346732e+002  4.095716e+002  4.705190e+002  5.162976e+002  5.486939e+002  0.000000e+000  0.000000e+000  0.000000e+000  0.000000e+000  0.000000e+000  0.000000e+000  0.000000e+000  0.000000e+000  
0.000000e+000  0.000000e+000  0.000000e+000  0.000000e+000  0.000000e+000  0.000000e+000  -6.179053e+002  -6.068951e+002  -5.751423e+002  -5.236723e+002  -4.548505e+002  -3.708983e+002  -2.745396e+002  -1.686843e+002  -5.697686e+001  5.697686e+001  1.686843e+002  2.745396e+002  3.708983e+002  4.548505e+002  5.236723e+002  5.751423e+002  6.068951e+002  6.179053e+002  0.000000e+000  0.000000e+000  0.000000e+000  0.000000e+000  0.000000e+000  0.000000e+000  0.000000e+000  
0.000000e+000  0.000000e+000  0.000000e+000  0.000000e+000  0.000000e+000  -6.685536e+002  -6.819598e+002  -6.672111e+002  -6.305025e+002  -5.730518e+002  -4.969106e+002  -4.045678e+002  -2.989790e+002  -1.834873e+002  -6.187046e+001  6.187046e+001  1.834873e+002  2.989790e+002  4.045678e+002  4.969106e+002  5.730518e+002  6.305025e+002  6.672111e+002  6.819598e+002  6.685536e+002  0.000000e+000  0.000000e+000  0.000000e+000  0.000000e+000  0.000000e+000  0.000000e+000  
0.000000e+000  0.000000e+000  0.000000e+000  0.000000e+000  -7.550758e+002  -7.348429e+002  -7.408037e+002  -7.225710e+002  -6.811699e+002  -6.180045e+002  -5.351266e+002  -4.351626e+002  -3.212603e+002  -1.970134e+002  -6.639226e+001  6.639226e+001  1.970134e+002  3.212603e+002  4.351626e+002  5.351266e+002  6.180045e+002  6.811699e+002  7.225710e+002  7.408037e+002  7.348429e+002  7.550758e+002  0.000000e+000  0.000000e+000  0.000000e+000  0.000000e+000  0.000000e+000  
0.000000e+000  0.000000e+000  0.000000e+000  0.000000e+000  -7.668326e+002  -7.918079e+002  -7.939564e+002  -7.719503e+002  -7.261224e+002  -6.577389e+002  -5.688413e+002  -4.621409e+002  -3.409264e+002  -2.089660e+002  -7.039911e+001  7.039911e+001  2.089660e+002  3.409264e+002  4.621409e+002  5.688413e+002  6.577389e+002  7.261224e+002  7.719503e+002  7.939564e+002  7.918079e+002  7.668326e+002  0.000000e+000  0.000000e+000  0.000000e+000  0.000000e+000  0.000000e+000  
0.000000e+000  0.000000e+000  0.000000e+000  -7.961737e+002  -8.155851e+002  -8.396577e+002  -8.392349e+002  -8.140102e+002  -7.643383e+002  -6.914535e+002  -5.974113e+002  -4.849900e+002  -3.575850e+002  -2.190953e+002  -7.379730e+001  7.379730e+001  2.190953e+002  3.575850e+002  4.849900e+002  5.974113e+002  6.914535e+002  7.643383e+002  8.140102e+002  8.392349e+002  8.396577e+002  8.155851e+002  7.961737e+002  0.000000e+000  0.000000e+000  0.000000e+000  0.000000e+000  
0.000000e+000  0.000000e+000  0.000000e+000  -8.192183e+002  -8.572468e+002  -8.781304e+002  -8.754598e+002  -8.476795e+002  -7.949330e+002  -7.184317e+002  -6.202604e+002  -5.032578e+002  -3.709031e+002  -2.271945e+002  -7.651502e+001  7.651502e+001  2.271945e+002  3.709031e+002  5.032578e+002  6.202604e+002  7.184317e+002  7.949330e+002  8.476795e+002  8.754598e+002  8.781304e+002  8.572468e+002  8.192183e+002  0.000000e+000  0.000000e+000  0.000000e+000  0.000000e+000  
0.000000e+000  0.000000e+000  0.000000e+000  -8.273028e+002  -8.814715e+002  -9.047326e+002  -9.014778e+002  -8.721188e+002  -8.172142e+002  -7.380977e+002  -6.369191e+002  -5.165759e+002  -3.806125e+002  -2.330994e+002  -7.849656e+001  7.849656e+001  2.330994e+002  3.806125e+002  5.165759e+002  6.369191e+002  7.380977e+002  8.172142e+002  8.721188e+002  9.014778e+002  9.047326e+002  8.814715e+002  8.273028e+002  0.000000e+000  0.000000e+000  0.000000e+000  0.000000e+000  
0.000000e+000  0.000000e+000  0.000000e+000  -8.662830e+002  -9.010447e+002  -9.213530e+002  -9.172334e+002  -8.869217e+002  -8.307403e+002  -7.500503e+002  -6.470484e+002  -5.246751e+002  -3.865174e+002  -2.366907e+002  -7.970173e+001  7.970173e+001  2.366907e+002  3.865174e+002  5.246751e+002  6.470484e+002  7.500503e+002  8.307403e+002  8.869217e+002  9.172334e+002  9.213530e+002  9.010447e+002  8.662830e+002  0.000000e+000  0.000000e+000  0.000000e+000  0.000000e+000  
0.000000e+000  0.000000e+000  0.000000e+000  -8.313121e+002  -8.987224e+002  -9.252331e+002  -9.221792e+002  -8.918153e+002  -8.352620e+002  -7.540571e+002  -6.504465e+002  -5.273928e+002  -3.884990e+002  -2.378959e+002  -8.010618e+001  8.010618e+001  2.378959e+002  3.884990e+002  5.273928e+002  6.504465e+002  7.540571e+002  8.352620e+002  8.918153e+002  9.221792e+002  9.252331e+002  8.987224e+002  8.313121e+002  0.000000e+000  0.000000e+000  0.000000e+000  0.000000e+000  
0.000000e+000  0.000000e+000  0.000000e+000  -8.662830e+002  -9.010447e+002  -9.213530e+002  -9.172334e+002  -8.869217e+002  -8.307403e+002  -7.500503e+002  -6.470484e+002  -5.246751e+002  -3.865174e+002  -2.366907e+002  -7.970173e+001  7.970173e+001  2.366907e+002  3.865174e+002  5.246751e+002  6.470484e+002  7.500503e+002  8.307403e+002  8.869217e+002  9.172334e+002  9.213530e+002  9.010447e+002  8.662830e+002  0.000000e+000  0.000000e+000  0.000000e+000  0.000000e+000  
0.000000e+000  0.000000e+000  0.000000e+000  -8.273028e+002  -8.814715e+002  -9.047326e+002  -9.014778e+002  -8.721188e+002  -8.172142e+002  -7.380977e+002  -6.369191e+002  -5.165759e+002  -3.806125e+002  -2.330994e+002  -7.849656e+001  7.849656e+001  2.330994e+002  3.806125e+002  5.165759e+002  6.369191e+002  7.380977e+002  8.172142e+002  8.721188e+002  9.014778e+002  9.047326e+002  8.814715e+002  8.273028e+002  0.000000e+000  0.000000e+000  0.000000e+000  0.000000e+000  
0.000000e+000  0.000000e+000  0.000000e+000  -8.192183e+002  -8.572468e+002  -8.781304e+002  -8.754598e+002  -8.476795e+002  -7.949330e+002  -7.184317e+002  -6.202604e+002  -5.032578e+002  -3.709031e+002  -2.271945e+002  -7.651502e+001  7.651502e+001  2.271945e+002  3.709031e+002  5.032578e+002  6.202604e+002  7.184317e+002  7.949330e+002  8.476795e+002  8.754598e+002  8.781304e+002  8.572468e+002  8.192183e+002  0.000000e+000  0.000000e+000  0.000000e+000  0.000000e+000  
0.000000e+000  0.000000e+000  0.000000e+000  -7.961737e+002  -8.155851e+002  -8.396577e+002  -8.392349e+002  -8.140102e+002  -7.643383e+002  -6.914535e+002  -5.974113e+002  -4.849900e+002  -3.575850e+002  -2.190953e+002  -7.379730e+001  7.379730e+001  2.190953e+002  3.575850e+002  4.849900e+002  5.974113e+002  6.914535e+002  7.643383e+002  8.140102e+002  8.392349e+002  8.396577e+002  8.155851e+002  7.961737e+002  0.000000e+000  0.000000e+000  0.000000e+000  0.000000e+000  
0.000000e+000  0.000000e+000  0.000000e+000  0.000000e+000  -7.668326e+002  -7.918079e+002  -7.939564e+002  -7.719503e+002  -7.261224e+002  -6.577389e+002  -5.688413e+002  -4.621409e+002  -3.409264e+002  -2.089660e+002  -7.039911e+001  7.039911e+001  2.089660e+002  3.409264e+002  4.621409e+002  5.688413e+002  6.577389e+002  7.261224e+002  7.719503e+002  7.939564e+002  7.918079e+002  7.668326e+002  0.000000e+000  0.000000e+000  0.000000e+000  0.000000e+000  0.000000e+000  
0.000000e+000  0.000000e+000  0.000000e+000  0.000000e+000  -7.550758e+002  -7.348429e+002  -7.408037e+002  -7.225710e+002  -6.811699e+002  -6.180045e+002  -5.351266e+002  -4.351626e+002  -3.212603e+002  -1.970134e+002  -6.639226e+001  6.639226e+001  1.970134e+002  3.212603e+002  4.351626e+002  5.351266e+002  6.180045e+002  6.811699e+002  7.225710e+002  7.408037e+002  7.348429e+002  7.550758e+002  0.000000e+000  0.000000e+000  0.000000e+000  0.000000e+000  0.000000e+000  
0.000000e+000  0.000000e+000  0.000000e+000  0.000000e+000  0.000000e+000  -6.685536e+002  -6.819598e+002  -6.672111e+002  -6.305025e+002  -5.730518e+002  -4.969106e+002  -4.045678e+002  -2.989790e+002  -1.834873e+002  -6.187046e+001  6.187046e+001  1.834873e+002  2.989790e+002  4.045678e+002  4.969106e+002  5.730518e+002  6.305025e+002  6.672111e+002  6.819598e+002  6.685536e+002  0.000000e+000  0.000000e+000  0.000000e+000  0.000000e+000  0.000000e+000  0.000000e+000  
0.000000e+000  0.000000e+000  0.000000e+000  0.000000e+000  0.000000e+000  0.000000e+000  -6.179053e+002  -6.068951e+002  -5.751423e+002  -5.236723e+002  -4.548505e+002  -3.708983e+002  -2.745396e+002  -1.686843e+002  -5.697686e+001  5.697686e+001  1.686843e+002  2.745396e+002  3.708983e+002  4.548505e+002  5.236723e+002  5.751423e+002  6.068951e+002  6.179053e+002  0.000000e+000  0.000000e+000  0.000000e+000  0.000000e+000  0.000000e+000  0.000000e+000  0.000000e+000  
0.000000e+000  0.000000e+000  0.000000e+000  0.000000e+000  0.000000e+000  0.000000e+000  0.000000e+000  -5.486939e+002  -5.162976e+002  -4.705190e+002  -4.095716e+002  -3.346732e+002  -2.485215e+002  -1.529285e+002  -5.203105e+001  5.203105e+001  1.529285e+002  2.485215e+002  3.346732e+002  4.095716e+002  4.705190e+002  5.162976e+002  5.486939e+002  0.000000e+000  0.000000e+000  0.000000e+000  0.000000e+000  0.000000e+000  0.000000e+000  0.000000e+000  0.000000e+000  
0.000000e+000  0.000000e+000  0.000000e+000  0.000000e+000  0.000000e+000  0.000000e+000  0.000000e+000  0.000000e+000  -4.034937e+002  -4.135533e+002  -3.617214e+002  -2.962002e+002  -2.219190e+002  -1.363080e+002  -4.815093e+001  4.815093e+001  1.363080e+002  2.219190e+002  2.962002e+002  3.617214e+002  4.135533e+002  4.034937e+002  0.000000e+000  0.000000e+000  0.000000e+000  0.000000e+000  0.000000e+000  0.000000e+000  0.000000e+000  0.000000e+000  0.000000e+000  
0.000000e+000  0.000000e+000  0.000000e+000  0.000000e+000  0.000000e+000  0.000000e+000  0.000000e+000  0.000000e+000  0.000000e+000  0.000000e+000  -2.824966e+002  -2.545381e+002  -1.976941e+002  -1.167347e+002  -5.047313e+001  5.047313e+001  1.167347e+002  1.976941e+002  2.545381e+002  2.824966e+002  0.000000e+000  0.000000e+000  0.000000e+000  0.000000e+000  0.000000e+000  0.000000e+000  0.000000e+000  0.000000e+000  0.000000e+000  0.000000e+000  0.000000e+000  
0.000000e+000  0.000000e+000  0.000000e+000  0.000000e+000  0.000000e+000  0.000000e+000  0.000000e+000  0.000000e+000  0.000000e+000  0.000000e+000  0.000000e+000  0.000000e+000  0.000000e+000  0.000000e+000  0.000000e+000  0.000000e+000  0.000000e+000  0.000000e+000  0.000000e+000  0.000000e+000  0.000000e+000  0.000000e+000  0.000000e+000  0.000000e+000  0.000000e+000  0.000000e+000  0.000000e+000  0.000000e+000  0.000000e+000  0.000000e+000  0.000000e+000  
0.000000e+000  0.000000e+000  0.000000e+000  0.000000e+000  0.000000e+000  0.000000e+000  0.000000e+000  0.000000e+000  0.000000e+000  0.000000e+000  0.000000e+000  0.000000e+000  0.000000e+000  0.000000e+000  0.000000e+000  0.000000e+000  0.000000e+000  0.000000e+000  0.000000e+000  0.000000e+000  0.000000e+000  0.000000e+000  0.000000e+000  0.000000e+000  0.000000e+000  0.000000e+000  0.000000e+000  0.000000e+000  0.000000e+000  0.000000e+000  0.000000e+000  
0.000000e+000  0.000000e+000  0.000000e+000  0.000000e+000  0.000000e+000  0.000000e+000  0.000000e+000  0.000000e+000  0.000000e+000  0.000000e+000  0.000000e+000  0.000000e+000  0.000000e+000  0.000000e+000  0.000000e+000  0.000000e+000  0.000000e+000  0.000000e+000  0.000000e+000  0.000000e+000  0.000000e+000  0.000000e+000  0.000000e+000  0.000000e+000  0.000000e+000  0.000000e+000  0.000000e+000  0.000000e+000  0.000000e+000  0.000000e+000  0.000000e+000  
0.000000e+000  0.000000e+000  0.000000e+000  0.000000e+000  0.000000e+000  0.000000e+000  0.000000e+000  0.000000e+000  0.000000e+000  0.000000e+000  0.000000e+000  0.000000e+000  0.000000e+000  0.000000e+000  0.000000e+000  0.000000e+000  0.000000e+000  0.000000e+000  0.000000e+000  0.000000e+000  0.000000e+000  0.000000e+000  0.000000e+000  0.000000e+000  0.000000e+000  0.000000e+000  0.000000e+000  0.000000e+000  0.000000e+000  0.000000e+000  0.000000e+000  

0.000000e+000  0.000000e+000  0.000000e+000  0.000000e+000  0.000000e+000  0.000000e+000  0.000000e+000  0.000000e+000  0.000000e+000  0.000000e+000  0.000000e+000  0.000000e+000  0.000000e+000  0.000000e+000  0.000000e+000  0.000000e+000  0.000000e+000  0.000000e+000  0.000000e+000  0.000000e+000  0.000000e+000  0.000000e+000  0.000000e+000  0.000000e+000  0.000000e+000  0.000000e+000  0.000000e+000  0.000000e+000  0.000000e+000  0.000000e+000  0.000000e+000  
0.000000e+000  0.000000e+000  0.000000e+000  0.000000e+000  0.000000e+000  0.000000e+000  0.000000e+000  0.000000e+000  0.000000e+000  0.000000e+000  0.000000e+000  0.000000e+000  0.000000e+000  0.000000e+000  0.000000e+000  0.000000e+000  0.000000e+000  0.000000e+000  0.000000e+000  0.000000e+000  0.000000e+000  0.000000e+000  0.000000e+000  0.000000e+000  0.000000e+000  0.000000e+000  0.000000e+000  0.000000e+000  0.000000e+000  0.000000e+000  0.000000e+000  
0.000000e+000  0.000000e+000  0.000000e+000  0.000000e+000  0.000000e+000  0.000000e+000  0.000000e+000  0.000000e+000  0.000000e+000  0.000000e+000  0.000000e+000  0.000000e+000  0.000000e+000  0.000000e+000  0.000000e+000  0.000000e+000  0.000000e+000  0.000000e+000  0.000000e+000  0.000000e+000  0.000000e+000  0.000000e+000  0.000000e+000  0.000000e+000  0.000000e+000  0.000000e+000  0.000000e+000  0.000000e+000  0.000000e+000  0.000000e+000  0.000000e+000  
0.000000e+000  0.000000e+000  0.000000e+000  0.000000e+000  0.000000e+000  0.000000e+000  0.000000e+000  0.000000e+000  0.000000e+000  0.000000e+000  0.000000e+000  -7.961737e+002  -8.192183e+002  -8.273028e+002  -8.662830e+002  -8.313121e+002  -8.662830e+002  -8.273028e+002  -8.192183e+002  -7.961737e+002  0.000000e+000  0.000000e+000  0.000000e+000  0.000000e+000  0.000000e+000  0.000000e+000  0.000000e+000  0.000000e+000  0.000000e+000  0.000000e+000  0.000000e+000  
0.000000e+000  0.000000e+000  0.000000e+000  0.000000e+000  0.000000e+000  0.000000e+000  0.000000e+000  0.000000e+000  0.000000e+000  -7.550758e+002  -7.668326e+002  -8.155851e+002  -8.572468e+002  -8.814715e+002  -9.010447e+002  -8.987224e+002  -9.010447e+002  -8.814715e+002  -8.572468e+002  -8.155851e+002  -7.668326e+002  -7.550758e+002  0.000000e+000  0.000000e+000  0.000000e+000  0.000000e+000  0.000000e+000  0.000000e+000  0.000000e+000  0.000000e+000  0.000000e+000  
0.000000e+000  0.000000e+000  0.000000e+000  0.000000e+000  0.000000e+000  0.000000e+000  0.000000e+000  0.000000e+000  -6.685536e+002  -7.348429e+002  -7.918079e+002  -8.396577e+002  -8.781304e+002  -9.047326e+002  -9.213530e+002  -9.252331e+002  -9.213530e+002  -9.047326e+002  -8.781304e+002  -8.396577e+002  -7.918079e+002  -7.348429e+002  -6.685536e+002  0.000000e+000  0.000000e+000  0.000000e+000  0.000000e+000  0.000000e+000  0.000000e+000  0.000000e+000  0.000000e+000  
0.000000e+000  0.000000e+000  0.000000e+000  0.000000e+000  0.000000e+000  0.000000e+000  0.000000e+000  -6.179053e+002  -6.819598e+002  -7.408037e+002  -7.939564e+002  -8.392349e+002  -8.754598e+002  -9.014778e+002  -9.172334e+002  -9.221792e+002  -9.172334e+002  -9.014778e+002  -8.754598e+002  -8.392349e+002  -7.939564e+002  -7.408037e+002  -6.819598e+002  -6.179053e+002  0.000000e+000  0.000000e+000  0.000000e+000  0.000000e+000  0.000000e+000  0.000000e+000  0.000000e+000  
0.000000e+000  0.000000e+000  0.000000e+000  0.000000e+000  0.000000e+000  0.000000e+000  -5.486939e+002  -6.068951e+002  -6.672111e+002  -7.225710e+002  -7.719503e+002  -8.140102e+002  -8.476795e+002  -8.721188e+002  -8.869217e+002  -8.918153e+002  -8.869217e+002  -8.721188e+002  -8.476795e+002  -8.140102e+002  -7.719503e+002  -7.225710e+002  -6.672111e+002  -6.068951e+002  -5.486939e+002  0.000000e+000  0.000000e+000  0.000000e+000  0.000000e+000  0.000000e+000  0.000000e+000  
0.000000e+000  0.000000e+000  0.000000e+000  0.000000e+000  0.000000e+000  -4.034937e+002  -5.162976e+002  -5.751423e+002  -6.305025e+002  -6.811699e+002  -7.261224e+002  -7.643383e+002  -7.949330e+002  -8.172142e+002  -8.307403e+002  -8.352620e+002  -8.307403e+002  -8.172142e+002  -7.949330e+002  -7.643383e+002  -7.261224e+002  -6.811699e+002  -6.305025e+002  -5.751423e+002  -5.162976e+002  -4.034937e+002  0.000000e+000  0.000000e+000  0.000000e+000  0.000000e+000  0.000000e+000  
0.000000e+000  0.000000e+000  0.000000e+000  0.000000e+000  0.000000e+000  -4.135533e+002  -4.705190e+002  -5.236723e+002  -5.730518e+002  -6.180045e+002  -6.577389e+002  -6.914535e+002  -7.184317e+002  -7.380977e+002  -7.500503e+002  -7.540571e+002  -7.500503e+002  -7.380977e+002  -7.184317e+002  -6.914535e+002  -6.577389e+002  -6.180045e+002  -5.730518e+002  -5.236723e+002  -4.705190e+002  -4.135533e+002  0.000000e+000  0.000000e+000  0.000000e+000  0.000000e+000  0.000000e+000  
0.000000e+000  0.000000e+000  0.000000e+000  0.000000e+000  -2.824966e+002  -3.617214e+002  -4.095716e+002  -4.548505e+002  -4.969106e+002  -5.351266e+002  -5.688413e+002  -5.974113e+002  -6.202604e+002  -6.369191e+002  -6.470484e+002  -6.504465e+002  -6.470484e+002  -6.369191e+002  -6.202604e+002  -5.974113e+002  -5.688413e+002  -5.351266e+002  -4.969106e+002  -4.548505e+002  -4.095716e+002  -3.617214e+002  -2.824966e+002  0.000000e+000  0.000000e+000  0.000000e+000  0.000000e+000  
0.000000e+000  0.000000e+000  0.000000e+000  0.000000e+000  -2.545381e+002  -2.962002e+002  -3.346732e+002  -3.708983e+002  -4.045678e+002  -4.351626e+002  -4.621409e+002  -4.849900e+002  -5.032578e+002  -5.165759e+002  -5.246751e+002  -5.273928e+002  -5.246751e+002  -5.165759e+002  -5.032578e+002  -4.849900e+002  -4.621409e+002  -4.351626e+002  -4.045678e+002  -3.708983e+002  -3.346732e+002  -2.962002e+002  -2.545381e+002  0.000000e+000  0.000000e+000  0.000000e+000  0.000000e+000  
0.000000e+000  0.000000e+000  0.000000e+000  0.000000e+000  -1.976941e+002  -2.219190e+002  -2.485215e+002  -2.745396e+002  -2.989790e+002  -3.212603e+002  -3.409264e+002  -3.575850e+002  -3.709031e+002  -3.806125e+002  -3.865174e+002  -3.884990e+002  -3.865174e+002  -3.806125e+002  -3.709031e+002  -3.575850e+002  -3.409264e+002  -3.212603e+002  -2.989790e+002  -2.745396e+002  -2.485215e+002  -2.219190e+002  -1.976941e+002  0.000000e+000  0.000000e+000  0.000000e+000  0.000000e+000  
0.000000e+000  0.000000e+000  0.000000e+000  0.000000e+000  -1.167347e+002  -1.363080e+002  -1.529285e+002  -1.686843e+002  -1.834873e+002  -1.970134e+002  -2.089660e+002  -2.190953e+002  -2.271945e+002  -2.330994e+002  -2.366907e+002  -2.378959e+002  -2.366907e+002  -2.330994e+002  -2.271945e+002  -2.190953e+002  -2.089660e+002  -1.970134e+002  -1.834873e+002  -1.686843e+002  -1.529285e+002  -1.363080e+002  -1.167347e+002  0.000000e+000  0.000000e+000  0.000000e+000  0.000000e+000  
0.000000e+000  0.000000e+000  0.000000e+000  0.000000e+000  -5.047313e+001  -4.815093e+001  -5.203105e+001  -5.697686e+001  -6.187046e+001  -6.639226e+001  -7.039911e+001  -7.379730e+001  -7.651502e+001  -7.849656e+001  -7.970173e+001  -8.010618e+001  -7.970173e+001  -7.849656e+001  -7.651502e+001  -7.379730e+001  -7.039911e+001  -6.639226e+001  -6.187046e+001  -5.697686e+001  -5.203105e+001  -4.815093e+001  -5.047313e+001  0.000000e+000  0.000000e+000  0.000000e+000  0.000000e+000  
0.000000e+000  0.000000e+000  0.000000e+000  0.000000e+000  5.047313e+001  4.815093e+001  5.203105e+001  5.697686e+001  6.187046e+001  6.639226e+001  7.039911e+001  7.379730e+001  7.651502e+001  7.849656e+001  7.970173e+001  8.010618e+001  7.970173e+001  7.849656e+001  7.651502e+001  7.379730e+001  7.039911e+001  6.639226e+001  6.187046e+001  5.697686e+001  5.203105e+001  4.815093e+001  5.047313e+001  0.000000e+000  0.000000e+000  0.000000e+000  0.000000e+000  
0.000000e+000  0.000000e+000  0.000000e+000  0.000000e+000  1.167347e+002  1.363080e+002  1.529285e+002  1.686843e+002  1.834873e+002  1.970134e+002  2.089660e+002  2.190953e+002  2.271945e+002  2.330994e+002  2.366907e+002  2.378959e+002  2.366907e+002  2.330994e+002  2.271945e+002  2.190953e+002  2.089660e+002  1.970134e+002  1.834873e+002  1.686843e+002  1.529285e+002  1.363080e+002  1.167347e+002  0.000000e+000  0.000000e+000  0.000000e+000  0.000000e+000  
0.000000e+000  0.000000e+000  0.000000e+000  0.000000e+000  1.976941e+002  2.219190e+002  2.485215e+002  2.745396e+002  2.989790e+002  3.212603e+002  3.409264e+002  3.575850e+002  3.709031e+002  3.806125e+002  3.865174e+002  3.884990e+002  3.865174e+002  3.806125e+002  3.709031e+002  3.575850e+002  3.409264e+002  3.212603e+002  2.989790e+002  2.745396e+002  2.485215e+002  2.219190e+002  1.976941e+002  0.000000e+000  0.000000e+000  0.000000e+000  0.000000e+000  
0.000000e+000  0.000000e+000  0.000000e+000  0.000000e+000  2.545381e+002  2.962002e+002  3.346732e+002  3.708983e+002  4.045678e+002  4.351626e+002  4.621409e+002  4.849900e+002  5.032578e+002  5.165759e+002  5.246751e+002  5.273928e+002  5.246751e+002  5.165759e+002  5.032578e+002  4.849900e+002  4.621409e+002  4.351626e+002  4.045678e+002  3.708983e+002  3.346732e+002  2.962002e+002  2.545381e+002  0.000000e+000  0.000000e+000  0.000000e+000  0.000000e+000  
0.000000e+000  0.000000e+000  0.000000e+000  0.000000e+000  2.824966e+002  3.617214e+002  4.095716e+002  4.548505e+002  4.969106e+002  5.351266e+002  5.688413e+002  5.974113e+002  6.202604e+002  6.369191e+002  6.470484e+002  6.504465e+002  6.470484e+002  6.369191e+002  6.202604e+002  5.974113e+002  5.688413e+002  5.351266e+002  4.969106e+002  4.548505e+002  4.095716e+002  3.617214e+002  2.824966e+002  0.000000e+000  0.000000e+000  0.000000e+000  0.000000e+000  
0.000000e+000  0.000000e+000  0.000000e+000  0.000000e+000  0.000000e+000  4.135533e+002  4.705190e+002  5.236723e+002  5.730518e+002  6.180045e+002  6.577389e+002  6.914535e+002  7.184317e+002  7.380977e+002  7.500503e+002  7.540571e+002  7.500503e+002  7.380977e+002  7.184317e+002  6.914535e+002  6.577389e+002  6.180045e+002  5.730518e+002  5.236723e+002  4.705190e+002  4.135533e+002  0.000000e+000  0.000000e+000  0.000000e+000  0.000000e+000  0.000000e+000  
0.000000e+000  0.000000e+000  0.000000e+000  0.000000e+000  0.000000e+000  4.034937e+002  5.162976e+002  5.751423e+002  6.305025e+002  6.811699e+002  7.261224e+002  7.643383e+002  7.949330e+002  8.172142e+002  8.307403e+002  8.352620e+002  8.307403e+002  8.172142e+002  7.949330e+002  7.643383e+002  7.261224e+002  6.811699e+002  6.305025e+002  5.751423e+002  5.162976e+002  4.034937e+002  0.000000e+000  0.000000e+000  0.000000e+000  0.000000e+000  0.000000e+000  
0.000000e+000  0.000000e+000  0.000000e+000  0.000000e+000  0.000000e+000  0.000000e+000  5.486939e+002  6.068951e+002  6.672111e+002  7.225710e+002  7.719503e+002  8.140102e+002  8.476795e+002  8.721188e+002  8.869217e+002  8.918153e+002  8.869217e+002  8.721188e+002  8.476795e+002  8.140102e+002  7.719503e+002  7.225710e+002  6.672111e+002  6.068951e+002  5.486939e+002  0.000000e+000  0.000000e+000  0.000000e+000  0.000000e+000  0.000000e+000  0.000000e+000  
0.000000e+000  0.000000e+000  0.000000e+000  0.000000e+000  0.000000e+000  0.000000e+000  0.000000e+000  6.179053e+002  6.819598e+002  7.408037e+002  7.939564e+002  8.392349e+002  8.754598e+002  9.014778e+002  9.172334e+002  9.221792e+002  9.172334e+002  9.014778e+002  8.754598e+002  8.392349e+002  7.939564e+002  7.408037e+002  6.819598e+002  6.179053e+002  0.000000e+000  0.000000e+000  0.000000e+000  0.000000e+000  0.000000e+000  0.000000e+000  0.000000e+000  
0.000000e+000  0.000000e+000  0.000000e+000  0.000000e+000  0.000000e+000  0.000000e+000  0.000000e+000  0.000000e+000  6.685536e+002  7.348429e+002  7.918079e+002  8.396577e+002  8.781304e+002  9.047326e+002  9.213530e+002  9.252331e+002  9.213530e+002  9.047326e+002  8.781304e+002  8.396577e+002  7.918079e+002  7.348429e+002  6.685536e+002  0.000000e+000  0.000000e+000  0.000000e+000  0.000000e+000  0.000000e+000  0.000000e+000  0.000000e+000  0.000000e+000  
0.000000e+000  0.000000e+000  0.000000e+000  0.000000e+000  0.000000e+000  0.000000e+000  0.000000e+000  0.000000e+000  0.000000e+000  7.550758e+002  7.668326e+002  8.155851e+002  8.572468e+002  8.814715e+002  9.010447e+002  8.987224e+002  9.010447e+002  8.814715e+002  8.572468e+002  8.155851e+002  7.668326e+002  7.550758e+002  0.000000e+000  0.000000e+000  0.000000e+000  0.000000e+000  0.000000e+000  0.000000e+000  0.000000e+000  0.000000e+000  0.000000e+000  
0.000000e+000  0.000000e+000  0.000000e+000  0.000000e+000  0.000000e+000  0.000000e+000  0.000000e+000  0.000000e+000  0.000000e+000  0.000000e+000  0.000000e+000  7.961737e+002  8.192183e+002  8.273028e+002  8.662830e+002  8.313121e+002  8.662830e+002  8.273028e+002  8.192183e+002  7.961737e+002  0.000000e+000  0.000000e+000  0.000000e+000  0.000000e+000  0.000000e+000  0.000000e+000  0.000000e+000  0.000000e+000  0.000000e+000  0.000000e+000  0.000000e+000  
0.000000e+000  0.000000e+000  0.000000e+000  0.000000e+000  0.000000e+000  0.000000e+000  0.000000e+000  0.000000e+000  0.000000e+000  0.000000e+000  0.000000e+000  0.000000e+000  0.000000e+000  0.000000e+000  0.000000e+000  0.000000e+000  0.000000e+000  0.000000e+000  0.000000e+000  0.000000e+000  0.000000e+000  0.000000e+000  0.000000e+000  0.000000e+000  0.000000e+000  0.000000e+000  0.000000e+000  0.000000e+000  0.000000e+000  0.000000e+000  0.000000e+000  
0.000000e+000  0.000000e+000  0.000000e+000  0.000000e+000  0.000000e+000  0.000000e+000  0.000000e+000  0.000000e+000  0.000000e+000  0.000000e+000  0.000000e+000  0.000000e+000  0.000000e+000  0.000000e+000  0.000000e+000  0.000000e+000  0.000000e+000  0.000000e+000  0.000000e+000  0.000000e+000  0.000000e+000  0.000000e+000  0.000000e+000  0.000000e+000  0.000000e+000  0.000000e+000  0.000000e+000  0.000000e+000  0.000000e+000  0.000000e+000  0.000000e+000  
0.000000e+000  0.000000e+000  0.000000e+000  0.000000e+000  0.000000e+000  0.000000e+000  0.000000e+000  0.000000e+000  0.000000e+000  0.000000e+000  0.000000e+000  0.000000e+000  0.000000e+000  0.000000e+000  0.000000e+000  0.000000e+000  0.000000e+000  0.000000e+000  0.000000e+000  0.000000e+000  0.000000e+000  0.000000e+000  0.000000e+000  0.000000e+000  0.000000e+000  0.000000e+000  0.000000e+000  0.000000e+000  0.000000e+000  0.000000e+000  0.000000e+000  
0.000000e+000  0.000000e+000  0.000000e+000  0.000000e+000  0.000000e+000  0.000000e+000  0.000000e+000  0.000000e+000  0.000000e+000  0.000000e+000  0.000000e+000  0.000000e+000  0.000000e+000  0.000000e+000  0.000000e+000  0.000000e+000  0.000000e+000  0.000000e+000  0.000000e+000  0.000000e+000  0.000000e+000  0.000000e+000  0.000000e+000  0.000000e+000  0.000000e+000  0.000000e+000  0.000000e+000  0.000000e+000  0.000000e+000  0.000000e+000  0.000000e+000  

0.000000e+000  0.000000e+000  0.000000e+000  0.000000e+000  0.000000e+000  0.000000e+000  0.000000e+000  0.000000e+000  0.000000e+000  0.000000e+000  0.000000e+000  0.000000e+000  0.000000e+000  0.000000e+000  0.000000e+000  0.000000e+000  0.000000e+000  0.000000e+000  0.000000e+000  0.000000e+000  0.000000e+000  0.000000e+000  0.000000e+000  0.000000e+000  0.000000e+000  0.000000e+000  0.000000e+000  0.000000e+000  0.000000e+000  0.000000e+000  0.000000e+000  
0.000000e+000  0.000000e+000  0.000000e+000  0.000000e+000  0.000000e+000  0.000000e+000  0.000000e+000  0.000000e+000  0.000000e+000  0.000000e+000  0.000000e+000  0.000000e+000  0.000000e+000  0.000000e+000  0.000000e+000  0.000000e+000  0.000000e+000  0.000000e+000  0.000000e+000  0.000000e+000  0.000000e+000  0.000000e+000  0.000000e+000  0.000000e+000  0.000000e+000  0.000000e+000  0.000000e+000  0.000000e+000  0.000000e+000  0.000000e+000  0.000000e+000  
0.000000e+000  0.000000e+000  0.000000e+000  0.000000e+000  0.000000e+000  0.000000e+000  0.000000e+000  0.000000e+000  0.000000e+000  0.000000e+000  0.000000e+000  0.000000e+000  0.000000e+000  0.000000e+000  0.000000e+000  0.000000e+000  0.000000e+000  0.000000e+000  0.000000e+000  0.000000e+000  0.000000e+000  0.000000e+000  0.000000e+000  0.000000e+000  0.000000e+000  0.000000e+000  0.000000e+000  0.000000e+000  0.000000e+000  0.000000e+000  0.000000e+000  
0.000000e+000  0.000000e+000  0.000000e+000  0.000000e+000  0.000000e+000  0.000000e+000  0.000000e+000  0.000000e+000  0.000000e+000  0.000000e+000  0.000000e+000  0.000000e+000  0.000000e+000  0.000000e+000  0.000000e+000  0.000000e+000  0.000000e+000  0.000000e+000  0.000000e+000  0.000000e+000  0.000000e+000  0.000000e+000  0.000000e+000  0.000000e+000  0.000000e+000  0.000000e+000  0.000000e+000  0.000000e+000  0.000000e+000  0.000000e+000  0.000000e+000  
0.000000e+000  0.000000e+000  0.000000e+000  0.000000e+000  0.000000e+000  0.000000e+000  0.000000e+000  0.000000e+000  0.000000e+000  0.000000e+000  0.000000e+000  8.616141e+001  1.896734e+002  2.700689e+002  3.175409e+002  3.380666e+002  3.175409e+002  2.700689e+002  1.896734e+002  8.616141e+001  0.000000e+000  0.000000e+000  0.000000e+000  0.000000e+000  0.000000e+000  0.000000e+000  0.000000e+000  0.000000e+000  0.000000e+000  0.000000e+000  0.000000e+000  
0.000000e+000  0.000000e+000  0.000000e+000  0.000000e+000  0.000000e+000  0.000000e+000  0.000000e+000  0.000000e+000  0.000000e+000  1.025549e+002  2.707331e+002  4.178327e+002  5.382869e+002  6.285336e+002  6.839653e+002  7.035466e+002  6.839653e+002  6.285336e+002  5.382869e+002  4.178327e+002  2.707331e+002  1.025549e+002  0.000000e+000  0.000000e+000  0.000000e+000  0.000000e+000  0.000000e+000  0.000000e+000  0.000000e+000  0.000000e+000  0.000000e+000  
0.000000e+000  0.000000e+000  0.000000e+000  0.000000e+000  0.000000e+000  0.000000e+000  0.000000e+000  0.000000e+000  1.914324e+002  4.013924e+002  5.927355e+002  7.592935e+002  8.953930e+002  9.964578e+002  1.058648e+003  1.079808e+003  1.058648e+003  9.964578e+002  8.953930e+002  7.592935e+002  5.927355e+002  4.013924e+002  1.914324e+002  0.000000e+000  0.000000e+000  0.000000e+000  0.000000e+000  0.000000e+000  0.000000e+000  0.000000e+000  0.000000e+000  
0.000000e+000  0.000000e+000  0.000000e+000  0.000000e+000  0.000000e+000  0.000000e+000  0.000000e+000  2.219821e+002  4.687694e+002  7.026545e+002  9.156115e+002  1.100582e+003  1.251413e+003  1.363058e+003  1.431656e+003  1.454827e+003  1.431656e+003  1.363058e+003  1.251413e+003  1.100582e+003  9.156115e+002  7.026545e+002  4.687694e+002  2.219821e+002  0.000000e+000  0.000000e+000  0.000000e+000  0.000000e+000  0.000000e+000  0.000000e+000  0.000000e+000  
0.000000e+000  0.000000e+000  0.000000e+000  0.000000e+000  0.000000e+000  0.000000e+000  1.914324e+002  4.687694e+002  7.400982e+002  9.964989e+002  1.229537e+003  1.431612e+003  1.596135e+003  1.717719e+003  1.792337e+003  1.817497e+003  1.792337e+003  1.717719e+003  1.596135e+003  1.431612e+003  1.229537e+003  9.964989e+002  7.400982e+002  4.687694e+002  1.914324e+002  0.000000e+000  0.000000e+000  0.000000e+000  0.000000e+000  0.000000e+000  0.000000e+000  
0.000000e+000  0.000000e+000  0.000000e+000  0.000000e+000  0.000000e+000  1.025549e+002  4.013924e+002  7.026545e+002  9.964989e+002  1.273506e+003  1.524826e+003  1.742442e+003  1.919407e+003  2.050052e+003  2.130171e+003  2.157170e+003  2.130171e+003  2.050052e+003  1.919407e+003  1.742442e+003  1.524826e+003  1.273506e+003  9.964989e+002  7.026545e+002  4.013924e+002  1.025549e+002  0.000000e+000  0.000000e+000  0.000000e+000  0.000000e+000  0.000000e+000  
0.000000e+000  0.000000e+000  0.000000e+000  0.000000e+000  0.000000e+000  2.707331e+002  5.927355e+002  9.156115e+002  1.229537e+003  1.524826e+003  1.792305e+003  2.023632e+003  2.211569e+003  2.350211e+003  2.435190e+003  2.463819e+003  2.435190e+003  2.350211e+003  2.211569e+003  2.023632e+003  1.792305e+003  1.524826e+003  1.229537e+003  9.156115e+002  5.927355e+002  2.707331e+002  0.000000e+000  0.000000e+000  0.000000e+000  0.000000e+000  0.000000e+000  
0.000000e+000  0.000000e+000  0.000000e+000  0.000000e+000  8.616141e+001  4.178327e+002  7.592935e+002  1.100582e+003  1.431612e+003  1.742442e+003  2.023632e+003  2.266579e+003  2.463807e+003  2.609224e+003  2.698323e+003  2.728333e+003  2.698323e+003  2.609224e+003  2.463807e+003  2.266579e+003  2.023632e+003  1.742442e+003  1.431612e+003  1.100582e+003  7.592935e+002  4.178327e+002  8.616141e+001  0.000000e+000  0.000000e+000  0.000000e+000  0.000000e+000  
0.000000e+000  0.000000e+000  0.000000e+000  0.000000e+000  1.896734e+002  5.382869e+002  8.953930e+002  1.251413e+003  1.596135e+003  1.919407e+003  2.211569e+003  2.463807e+003  2.668464e+003  2.819298e+003  2.911690e+003  2.942806e+003  2.911690e+003  2.819298e+003  2.668464e+003  2.463807e+003  2.211569e+003  1.919407e+003  1.596135e+003  1.251413e+003  8.953930e+002  5.382869e+002  1.896734e+002  0.000000e+000  0.000000e+000  0.000000e+000  0.000000e+000  
0.000000e+000  0.000000e+000  0.000000e+000  0.000000e+000  2.700689e+002  6.285336e+002  9.964578e+002  1.363058e+003  1.717719e+003  2.050052e+003  2.350211e+003  2.609224e+003  2.819298e+003  2.974080e+003  3.068873e+003  3.100795e+003  3.068873e+003  2.974080e+003  2.819298e+003  2.609224e+003  2.350211e+003  2.050052e+003  1.717719e+003  1.363058e+003  9.964578e+002  6.285336e+002  2.700689e+002  0.000000e+000  0.000000e+000  0.000000e+000  0.000000e+000  
0.000000e+000  0.000000e+000  0.000000e+000  0.000000e+000  3.175409e+002  6.839653e+002  1.058648e+003  1.431656e+003  1.792337e+003  2.130171e+003  2.435190e+003  2.698323e+003  2.911690e+003  3.068873e+003  3.165127e+003  3.197539e+003  3.165127e+003  3.068873e+003  2.911690e+003  2.698323e+003  2.435190e+003  2.130171e+003  1.792337e+003  1.431656e+003  1.058648e+003  6.839653e+002  3.175409e+002  0.000000e+000  0.000000e+000  0.000000e+000  0.000000e+000  
0.000000e+000  0.000000e+000  0.000000e+000  0.000000e+000  3.380666e+002  7.035466e+002  1.079808e+003  1.454827e+003  1.817497e+003  2.157170e+003  2.463819e+003  2.728333e+003  2.942806e+003  3.100795e+003  3.197539e+003  3.230115e+003  3.197539e+003  3.100795e+003  2.942806e+003  2.728333e+003  2.463819e+003  2.157170e+003  1.817497e+003  1.454827e+003  1.079808e+003  7.035466e+002  3.380666e+002  0.000000e+000  0.000000e+000  0.000000e+000  0.000000e+000  
0.000000e+000  0.000000e+000  0.000000e+000  0.000000e+000  3.175409e+002  6.839653e+002  1.058648e+003  1.431656e+003  1.792337e+003  2.130171e+003  2.435190e+003  2.698323e+003  2.911690e+003  3.068873e+003  3.165127e+003  3.197539e+003  3.165127e+003  3.068873e+003  2.911690e+003  2.698323e+003  2.435190e+003  2.130171e+003  1.792337e+003  1.431656e+003  1.058648e+003  6.839653e+002  3.175409e+002  0.000000e+000  0.000000e+000  0.000000e+000  0.000000e+000  
0.000000e+000  0.000000e+000  0.000000e+000  0.000000e+000  2.700689e+002  6.285336e+002  9.964578e+002  1.363058e+003  1.717719e+003  2.050052e+003  2.350211e+003  2.609224e+003  2.819298e+003  2.974080e+003  3.068873e+003  3.100795e+003  3.068873e+003  2.974080e+003  2.819298e+003  2.609224e+003  2.350211e+003  2.050052e+003  1.717719e+003  1.363058e+003  9.964578e+002  6.285336e+002  2.700689e+002  0.000000e+000  0.000000e+000  0.000000e+000  0.000000e+000  
0.000000e+000  0.000000e+000  0.000000e+000  0.000000e+000  1.896734e+002  5.382869e+002  8.953930e+002  1.251413e+003  1.596135e+003  1.919407e+003  2.211569e+003  2.463807e+003  2.668464e+003  2.819298e+003  2.911690e+003  2.942806e+003  2.911690e+003  2.819298e+003  2.668464e+003  2.463807e+003  2.211569e+003  1.919407e+003  1.596135e+003  1.251413e+003  8.953930e+002  5.382869e+002  1.896734e+002  0.000000e+000  0.000000e+000  0.000000e+000  0.000000e+000  
0.000000e+000  0.000000e+000  0.000000e+000  0.000000e+000  8.616141e+001  4.178327e+002  7.592935e+002  1.100582e+003  1.431612e+003  1.742442e+003  2.023632e+003  2.266579e+003  2.463807e+003  2.609224e+003  2.698323e+003  2.728333e+003  2.698323e+003  2.609224e+003  2.463807e+003  2.266579e+003  2.023632e+003  1.742442e+003  1.431612e+003  1.100582e+003  7.592935e+002  4.178327e+002  8.616141e+001  0.000000e+000  0.000000e+000  0.000000e+000  0.000000e+000  
0.000000e+000  0.000000e+000  0.000000e+000  0.000000e+000  0.000000e+000  2.707331e+002  5.927355e+002  9.156115e+002  1.229537e+003  1.524826e+003  1.792305e+003  2.023632e+003  2.211569e+003  2.350211e+003  2.435190e+003  2.463819e+003  2.435190e+003  2.350211e+003  2.211569e+003  2.023632e+003  1.792305e+003  1.524826e+003  1.229537e+003  9.156115e+002  5.927355e+002  2.707331e+002  0.000000e+000  0.000000e+000  0.000000e+000  0.000000e+000  0.000000e+000  
